1 	 545.72 	 33.98 	 3.86012264637e9 	 4.0
2 	 377.64 	 26.01 	 1.565103913587e9 	 3.86
3 	 943.16 	 49.26 	 1.4020344107485e10 	 4.67
4 	 911.72 	 48.72 	 1.3257466095656e10 	 4.41
5 	 371.09 	 24.08 	 1.31818601726e9 	 4.99
6 	 206.41 	 45.86 	 2.659397882922e9 	 0.07
7 	 335.99 	 46.65 	 4.479341068401e9 	 0.26
8 	 538.37 	 45.68 	 6.882045283057e9 	 1.18
9 	 259.6 	 27.05 	 1.163653582962e9 	 1.07
10 	 256.14 	 24.99 	 9.79928528727e8 	 1.41
11 	 624.9 	 36.98 	 5.235146294073e9 	 4.28
12 	 252.74 	 18.56 	 5.3335259071e8 	 4.46
13 	 346.42 	 45.61 	 4.414764949866e9 	 0.32
14 	 212.32 	 27.28 	 9.67974956906e8 	 0.57
15 	 336.24 	 29.52 	 1.795008739305e9 	 1.64
16 	 404.7 	 32.05 	 2.546676355646e9 	 2.06
17 	 551.07 	 46.62 	 7.337291803944e9 	 1.16
18 	 482.69 	 38.8 	 4.451601056154e9 	 1.63
19 	 852.1 	 46.27 	 1.1175682328703e10 	 4.43
20 	 286.28 	 42.56 	 3.1767184925e9 	 0.23
21 	 746.57 	 49.78 	 1.1333519676463e10 	 2.22
22 	 370.89 	 31.56 	 2.263099231222e9 	 1.69
23 	 413.39 	 48.77 	 6.023514525617e9 	 0.41
24 	 418.97 	 37.04 	 3.521351406846e9 	 1.28
25 	 487.01 	 29.63 	 2.61930255089e9 	 4.92
26 	 290.51 	 24.78 	 1.092818842368e9 	 2.13
27 	 802.15 	 43.3 	 9.213313829127e9 	 4.82
28 	 389.19 	 27.28 	 1.774332015252e9 	 3.49
29 	 447.15 	 41.8 	 4.786193831317e9 	 0.96
30 	 644.82 	 38.42 	 5.83092834318e9 	 4.04
31 	 234.51 	 32.54 	 1.521181194846e9 	 0.38
32 	 420.05 	 34.07 	 2.986962293495e9 	 1.8
33 	 283.39 	 41.68 	 3.015952003831e9 	 0.25
34 	 628.3 	 43.84 	 7.397630491993e9 	 2.2
35 	 722.47 	 41.15 	 7.494522731989e9 	 4.31
36 	 322.57 	 37.85 	 2.831002324378e9 	 0.54
37 	 416.74 	 43.8 	 4.897764425764e9 	 0.65
38 	 360.56 	 43.01 	 4.086024009566e9 	 0.45
39 	 330.1 	 47.45 	 4.553050233887e9 	 0.23
40 	 321.41 	 48.27 	 4.587736506039e9 	 0.2
41 	 615.75 	 36.02 	 4.894139245758e9 	 4.55
42 	 236.37 	 32.24 	 1.50510537094e9 	 0.4
43 	 235.18 	 49.66 	 3.553025304475e9 	 0.07
44 	 549.42 	 48.56 	 7.936815865341e9 	 0.98
45 	 535.46 	 41.91 	 5.76164955559e9 	 1.63
46 	 390.33 	 39.61 	 3.751682698403e9 	 0.79
47 	 482.56 	 47.32 	 6.6195013614e9 	 0.74
48 	 223.51 	 44.37 	 2.69563011793e9 	 0.09
49 	 580.86 	 47.27 	 7.951098967602e9 	 1.29
50 	 221.11 	 17.49 	 4.14354908193e8 	 3.79
51 	 216.09 	 25.35 	 8.50697351864e8 	 0.8
52 	 672.31 	 42.17 	 7.324217913056e9 	 3.15
53 	 285.4 	 42.35 	 3.135777807255e9 	 0.24
54 	 261.74 	 23.8 	 9.08256461608e8 	 1.83
55 	 587.61 	 37.14 	 4.965436826746e9 	 3.5
56 	 222.01 	 21.86 	 6.49916160577e8 	 1.57
57 	 240.29 	 28.69 	 1.211661414537e9 	 0.67
58 	 257.81 	 49.4 	 3.85423455529e9 	 0.09
59 	 434.23 	 37.98 	 3.837198176981e9 	 1.29
60 	 530.39 	 32.9 	 3.516993836499e9 	 4.18
61 	 431.9 	 39.88 	 4.208021861371e9 	 1.04
62 	 492.86 	 40.3 	 4.90363514512e9 	 1.49
63 	 313.81 	 33.32 	 2.134328425252e9 	 0.82
64 	 941.35 	 48.98 	 1.3834809153588e10 	 4.75
65 	 243.53 	 39.87 	 2.371534375452e9 	 0.19
66 	 632.24 	 46.59 	 8.407209579553e9 	 1.76
67 	 516.55 	 43.01 	 5.853771084262e9 	 1.32
68 	 365.05 	 36.96 	 3.054926472797e9 	 0.86
69 	 580.85 	 41.2 	 6.040083045645e9 	 2.23
70 	 375.22 	 25.24 	 1.464364406958e9 	 4.27
71 	 210.1 	 49.64 	 3.171568400138e9 	 0.05
72 	 337.27 	 24.73 	 1.263602363059e9 	 3.36
73 	 618.16 	 36.99 	 5.181482621966e9 	 4.14
74 	 317.68 	 37.89 	 2.793981773428e9 	 0.51
75 	 474.42 	 41.66 	 5.04412690528e9 	 1.16
76 	 381.59 	 26.14 	 1.597322596874e9 	 3.9
77 	 354.91 	 33.23 	 2.400841021035e9 	 1.2
78 	 469.0 	 31.32 	 2.818388340606e9 	 3.52
79 	 940.84 	 49.56 	 1.4156726854896e10 	 4.53
80 	 853.78 	 49.49 	 1.2810478998421e10 	 3.4
81 	 208.01 	 39.04 	 1.942174805637e9 	 0.13
82 	 539.01 	 37.54 	 4.65339418874e9 	 2.59
83 	 243.34 	 35.04 	 1.830316449186e9 	 0.31
84 	 676.52 	 49.71 	 1.0241242516782e10 	 1.66
85 	 487.9 	 31.97 	 3.054925155868e9 	 3.65
86 	 404.3 	 30.52 	 2.307051471471e9 	 2.5
87 	 480.43 	 33.21 	 3.246028689449e9 	 2.99
88 	 226.77 	 24.58 	 8.39332116095e8 	 1.05
89 	 392.6 	 34.25 	 2.821343279318e9 	 1.44
90 	 403.36 	 49.05 	 5.945047594555e9 	 0.37
91 	 539.76 	 45.1 	 6.725711975166e9 	 1.25
92 	 354.81 	 36.96 	 2.969232877176e9 	 0.79
93 	 565.63 	 44.2 	 6.769575845017e9 	 1.56
94 	 243.03 	 44.03 	 2.886301811019e9 	 0.13
95 	 432.33 	 31.71 	 2.663129841053e9 	 2.62
96 	 247.96 	 20.63 	 6.46494102803e8 	 2.76
97 	 434.14 	 38.71 	 3.985296415823e9 	 1.2
98 	 543.18 	 43.79 	 6.380844266682e9 	 1.43
99 	 247.62 	 43.4 	 2.857259348567e9 	 0.14
100 	 339.73 	 22.91 	 1.092366974253e9 	 4.67
101 	 320.32 	 23.11 	 1.048017249448e9 	 3.78
102 	 403.85 	 29.11 	 2.096471593111e9 	 3.01
103 	 771.47 	 43.66 	 9.00888388189e9 	 4.15
104 	 588.72 	 41.02 	 6.068545130409e9 	 2.36
105 	 207.26 	 28.11 	 1.003278877852e9 	 0.47
106 	 327.07 	 36.27 	 2.635847658566e9 	 0.66
107 	 717.68 	 46.88 	 9.662522845422e9 	 2.51
108 	 282.8 	 43.12 	 3.221227466469e9 	 0.21
109 	 530.78 	 48.73 	 7.721325428616e9 	 0.87
110 	 336.0 	 32.55 	 2.180849757205e9 	 1.11
111 	 663.43 	 40.26 	 6.587598642575e9 	 3.65
112 	 401.03 	 32.25 	 2.555175792e9 	 1.96
113 	 704.5 	 45.75 	 9.033325890096e9 	 2.62
114 	 210.39 	 21.89 	 6.17591202362e8 	 1.33
115 	 677.14 	 38.55 	 6.164696751594e9 	 4.61
116 	 448.65 	 37.72 	 3.910529120334e9 	 1.46
117 	 626.1 	 37.16 	 5.296385628873e9 	 4.22
118 	 233.57 	 46.62 	 3.109897556839e9 	 0.09
119 	 481.53 	 48.87 	 7.045186781401e9 	 0.64
120 	 210.87 	 34.58 	 1.544718187542e9 	 0.22
121 	 530.46 	 44.72 	 6.498912874262e9 	 1.22
122 	 625.92 	 38.35 	 5.639414925377e9 	 3.72
123 	 858.73 	 48.12 	 1.218126403281e10 	 3.87
124 	 450.33 	 39.94 	 4.400798508997e9 	 1.18
125 	 220.31 	 16.38 	 3.62114978557e8 	 4.87
126 	 914.63 	 49.03 	 1.3469569415102e10 	 4.34
127 	 671.39 	 41.06 	 6.934214032056e9 	 3.49
128 	 809.09 	 47.03 	 1.0963046976644e10 	 3.55
129 	 734.73 	 43.03 	 8.33402788517e9 	 3.8
130 	 607.8 	 42.87 	 6.84308834502e9 	 2.18
131 	 730.78 	 42.79 	 8.197014627625e9 	 3.82
132 	 277.41 	 36.14 	 2.219641790083e9 	 0.41
133 	 619.86 	 40.43 	 6.207054785856e9 	 2.92
134 	 231.51 	 26.32 	 9.82485181802e8 	 0.85
135 	 411.63 	 48.2 	 5.85848847077e9 	 0.42
136 	 721.53 	 49.17 	 1.068659359348e10 	 2.11
137 	 842.26 	 48.47 	 1.2122067541812e10 	 3.55
138 	 241.81 	 18.45 	 5.04256473301e8 	 4.0
139 	 227.08 	 41.04 	 2.343031211223e9 	 0.14
140 	 416.61 	 45.27 	 5.230403131693e9 	 0.56
141 	 410.33 	 45.5 	 5.20403905997e9 	 0.53
142 	 311.53 	 42.55 	 3.455281922421e9 	 0.3
143 	 350.4 	 32.65 	 2.288310496833e9 	 1.24
144 	 823.37 	 44.05 	 9.787490391454e9 	 4.86
145 	 405.48 	 47.67 	 5.644743676569e9 	 0.42
146 	 230.51 	 24.22 	 8.28366509803e8 	 1.17
147 	 512.57 	 41.76 	 5.475939584911e9 	 1.45
148 	 360.03 	 27.03 	 1.611444178729e9 	 2.87
149 	 399.22 	 48.76 	 5.814657896744e9 	 0.37
150 	 240.18 	 46.49 	 3.180097364524e9 	 0.1
151 	 527.95 	 39.07 	 4.937011066646e9 	 2.07
152 	 274.43 	 25.17 	 1.065080665e9 	 1.69
153 	 231.2 	 34.33 	 1.669244372037e9 	 0.29
154 	 436.84 	 29.91 	 2.394085787985e9 	 3.42
155 	 606.11 	 44.15 	 7.237646194709e9 	 1.92
156 	 397.3 	 43.08 	 4.51704522075e9 	 0.6
157 	 491.43 	 41.09 	 5.082980359688e9 	 1.37
158 	 304.12 	 28.79 	 1.544232881273e9 	 1.34
159 	 347.09 	 48.33 	 4.966611339316e9 	 0.25
160 	 384.97 	 32.05 	 2.422520377151e9 	 1.77
161 	 308.13 	 46.82 	 4.137912346125e9 	 0.2
162 	 842.7 	 46.49 	 1.1157748559766e10 	 4.2
163 	 450.67 	 49.5 	 6.764777721612e9 	 0.5
164 	 425.59 	 37.91 	 3.746998056119e9 	 1.22
165 	 289.35 	 40.93 	 2.969555592576e9 	 0.28
166 	 256.52 	 25.47 	 1.019444542433e9 	 1.32
167 	 806.36 	 44.93 	 9.972092479519e9 	 4.22
168 	 353.52 	 37.81 	 3.096077529026e9 	 0.71
169 	 442.06 	 28.62 	 2.218221765086e9 	 4.22
170 	 447.8 	 46.36 	 5.89597221034e9 	 0.64
171 	 403.78 	 34.36 	 2.920354666034e9 	 1.55
172 	 653.4 	 39.53 	 6.254854950271e9 	 3.75
173 	 507.52 	 47.47 	 7.006096401951e9 	 0.84
174 	 698.75 	 45.9 	 9.018445311395e9 	 2.52
175 	 755.17 	 43.79 	 8.871133261295e9 	 3.84
176 	 449.84 	 40.64 	 4.551451854588e9 	 1.09
177 	 388.01 	 40.71 	 3.939395708137e9 	 0.7
178 	 261.48 	 24.25 	 9.41990333602e8 	 1.7
179 	 386.86 	 37.99 	 3.420400006958e9 	 0.91
180 	 255.42 	 40.35 	 2.547571975142e9 	 0.21
181 	 317.97 	 30.52 	 1.814427792193e9 	 1.22
182 	 576.32 	 48.47 	 8.294576455841e9 	 1.14
183 	 474.63 	 46.65 	 6.327657523424e9 	 0.74
184 	 711.01 	 41.84 	 7.625064903381e9 	 3.85
185 	 338.02 	 28.07 	 1.631592524152e9 	 2.04
186 	 424.99 	 33.41 	 2.906137420102e9 	 2.02
187 	 220.37 	 46.51 	 2.920314566684e9 	 0.08
188 	 456.27 	 45.9 	 5.888867323407e9 	 0.7
189 	 291.54 	 26.9 	 1.29237096831e9 	 1.55
190 	 457.4 	 31.67 	 2.810455874627e9 	 3.12
191 	 690.58 	 49.03 	 1.0170030773844e10 	 1.87
192 	 461.09 	 28.93 	 2.364106596584e9 	 4.59
193 	 563.15 	 41.93 	 6.065383944385e9 	 1.9
194 	 565.36 	 48.02 	 7.98645177911e9 	 1.11
195 	 615.29 	 43.52 	 7.139077789934e9 	 2.13
196 	 232.68 	 43.47 	 2.693536218031e9 	 0.12
197 	 315.57 	 48.97 	 4.635967704953e9 	 0.18
198 	 459.76 	 36.31 	 3.713369500194e9 	 1.83
199 	 270.47 	 31.37 	 1.630544374701e9 	 0.67
200 	 547.62 	 44.9 	 6.763265974551e9 	 1.33
201 	 218.13 	 20.49 	 5.61027048567e8 	 1.93
202 	 518.7 	 46.57 	 6.891491231636e9 	 0.97
203 	 558.98 	 35.8 	 4.388810271615e9 	 3.49
204 	 511.2 	 47.27 	 6.997558434456e9 	 0.88
205 	 342.41 	 33.26 	 2.320467090299e9 	 1.08
206 	 286.96 	 23.29 	 9.53552973563e8 	 2.63
207 	 271.75 	 22.9 	 8.73021625111e8 	 2.39
208 	 609.14 	 39.96 	 5.95871428832e9 	 2.91
209 	 491.99 	 39.52 	 4.707329854034e9 	 1.6
210 	 644.98 	 37.4 	 5.526802385724e9 	 4.5
211 	 434.82 	 34.2 	 3.115632374005e9 	 1.97
212 	 777.47 	 45.86 	 1.0016966581246e10 	 3.49
213 	 283.61 	 28.41 	 1.402324402209e9 	 1.15
214 	 358.19 	 30.79 	 2.080258565255e9 	 1.68
215 	 240.12 	 36.46 	 1.955447441036e9 	 0.26
216 	 642.04 	 37.0 	 5.384557490654e9 	 4.63
217 	 278.91 	 27.25 	 1.268766148762e9 	 1.29
218 	 496.68 	 32.54 	 3.221782763447e9 	 3.59
219 	 768.89 	 43.65 	 8.974643224085e9 	 4.11
220 	 303.77 	 27.68 	 1.425809607596e9 	 1.57
221 	 689.16 	 48.75 	 1.0033530760433e10 	 1.9
222 	 540.19 	 32.54 	 3.504016330406e9 	 4.61
223 	 251.18 	 32.42 	 1.617318525505e9 	 0.47
224 	 528.04 	 44.72 	 6.469264325539e9 	 1.21
225 	 337.45 	 27.94 	 1.613788885597e9 	 2.07
226 	 363.89 	 32.77 	 2.393908174888e9 	 1.37
227 	 246.59 	 42.93 	 2.784080071411e9 	 0.14
228 	 217.86 	 24.73 	 8.16225608017e8 	 0.91
229 	 294.22 	 26.59 	 1.274363575848e9 	 1.67
230 	 315.27 	 48.45 	 4.533719986969e9 	 0.19
231 	 565.05 	 33.16 	 3.806277143703e9 	 4.89
232 	 367.76 	 44.78 	 4.51769755828e9 	 0.41
233 	 541.04 	 44.71 	 6.625569260004e9 	 1.3
234 	 602.44 	 46.91 	 8.121367249546e9 	 1.48
235 	 532.61 	 38.93 	 4.944958005513e9 	 2.16
236 	 677.43 	 40.3 	 6.739986114431e9 	 3.87
237 	 204.11 	 40.57 	 2.058063555503e9 	 0.1
238 	 530.35 	 49.88 	 8.083509384758e9 	 0.79
239 	 950.1 	 49.1 	 1.4031909867767e10 	 4.84
240 	 266.15 	 30.72 	 1.538697957465e9 	 0.69
241 	 498.17 	 40.33 	 4.963848278272e9 	 1.53
242 	 846.5 	 49.04 	 1.2471318467903e10 	 3.44
243 	 538.51 	 41.65 	 5.722796040411e9 	 1.7
244 	 527.49 	 32.0 	 3.309014509816e9 	 4.59
245 	 451.39 	 48.61 	 6.534128330548e9 	 0.54
246 	 981.74 	 49.98 	 1.5023581381937e10 	 4.97
247 	 451.28 	 31.29 	 2.706709810597e9 	 3.15
248 	 617.06 	 46.06 	 8.019729981391e9 	 1.71
249 	 257.13 	 30.07 	 1.424308578702e9 	 0.68
250 	 628.6 	 40.5 	 6.316389561772e9 	 3.03
251 	 504.59 	 34.66 	 3.713472740194e9 	 2.92
252 	 274.39 	 38.83 	 2.5344722754e9 	 0.3
253 	 262.44 	 27.04 	 1.175514221625e9 	 1.11
254 	 347.65 	 43.65 	 4.05784275625e9 	 0.38
255 	 461.51 	 46.28 	 6.055531956855e9 	 0.7
256 	 659.6 	 47.01 	 8.929880216729e9 	 1.93
257 	 847.53 	 46.92 	 1.14302458286e10 	 4.12
258 	 384.31 	 42.08 	 4.168863079743e9 	 0.59
259 	 634.73 	 42.7 	 7.089722871542e9 	 2.52
260 	 439.15 	 40.67 	 4.449853528365e9 	 1.02
261 	 216.14 	 45.93 	 2.793267459448e9 	 0.07
262 	 525.44 	 37.88 	 4.618782969707e9 	 2.31
263 	 603.3 	 37.8 	 5.280820541117e9 	 3.53
264 	 814.11 	 44.19 	 9.739027150176e9 	 4.64
265 	 371.24 	 38.21 	 3.320422311525e9 	 0.79
266 	 239.63 	 44.09 	 2.853683929098e9 	 0.12
267 	 229.08 	 26.09 	 9.55256093501e8 	 0.85
268 	 253.62 	 27.32 	 1.159656515187e9 	 0.96
269 	 270.26 	 48.64 	 3.916998353696e9 	 0.12
270 	 378.26 	 33.39 	 2.583495684234e9 	 1.43
271 	 627.03 	 35.89 	 4.947886408226e9 	 4.87
272 	 512.69 	 46.81 	 6.882030815775e9 	 0.92
273 	 232.09 	 18.64 	 4.94006574317e8 	 3.4
274 	 788.14 	 44.85 	 9.712091120404e9 	 3.97
275 	 242.17 	 30.23 	 1.3557547047e9 	 0.56
276 	 218.45 	 25.44 	 8.66105401404e8 	 0.82
277 	 518.3 	 33.72 	 3.610279495499e9 	 3.53
278 	 531.35 	 41.82 	 5.692895684197e9 	 1.61
279 	 604.52 	 36.54 	 4.944612287579e9 	 4.07
280 	 262.93 	 40.47 	 2.638098665674e9 	 0.22
281 	 227.45 	 25.7 	 9.20315363079e8 	 0.88
282 	 495.95 	 42.7 	 5.539596455408e9 	 1.2
283 	 312.39 	 41.34 	 3.270563244752e9 	 0.34
284 	 369.48 	 40.54 	 3.719999724526e9 	 0.61
285 	 476.98 	 31.03 	 2.813508324535e9 	 3.84
286 	 367.83 	 33.61 	 2.545473945635e9 	 1.28
287 	 227.18 	 49.96 	 3.47375702985e9 	 0.06
288 	 272.75 	 39.61 	 2.621554725462e9 	 0.27
289 	 588.74 	 43.05 	 6.684275463499e9 	 1.95
290 	 647.41 	 47.07 	 8.787235868626e9 	 1.81
291 	 790.56 	 47.58 	 1.0963979024433e10 	 3.16
292 	 415.64 	 27.19 	 1.8824360677e9 	 4.31
293 	 234.93 	 45.9 	 3.032133605733e9 	 0.1
294 	 649.64 	 47.42 	 8.949120193403e9 	 1.78
295 	 589.27 	 44.97 	 7.300365276048e9 	 1.64
296 	 275.31 	 30.76 	 1.595802469251e9 	 0.76
297 	 281.4 	 46.23 	 3.684311689709e9 	 0.16
298 	 661.22 	 44.73 	 8.104537976994e9 	 2.37
299 	 329.78 	 22.93 	 1.062225950572e9 	 4.26
300 	 378.05 	 29.25 	 1.981460719475e9 	 2.42
301 	 436.89 	 28.5 	 2.17393376678e9 	 4.15
302 	 294.94 	 36.67 	 2.429629096337e9 	 0.47
303 	 487.71 	 38.6 	 4.451647357261e9 	 1.71
304 	 664.4 	 42.0 	 7.179805652283e9 	 3.09
305 	 544.89 	 42.82 	 6.120496411429e9 	 1.58
306 	 280.32 	 23.55 	 9.52402203383e8 	 2.35
307 	 375.0 	 28.66 	 1.886983592314e9 	 2.56
308 	 648.61 	 39.96 	 6.344816749101e9 	 3.51
309 	 645.04 	 40.07 	 6.344681355549e9 	 3.42
310 	 206.55 	 21.15 	 5.66018240248e8 	 1.44
311 	 571.7 	 45.91 	 7.381884772642e9 	 1.38
312 	 301.24 	 41.88 	 3.236759780638e9 	 0.29
313 	 934.69 	 49.87 	 1.4240682925543e10 	 4.33
314 	 498.41 	 31.54 	 3.037348391045e9 	 4.1
315 	 201.79 	 40.0 	 1.977898982492e9 	 0.11
316 	 265.57 	 30.16 	 1.479878879359e9 	 0.74
317 	 423.95 	 45.1 	 5.282654498058e9 	 0.6
318 	 690.33 	 39.93 	 6.742793377344e9 	 4.25
319 	 430.08 	 39.82 	 4.177690306755e9 	 1.04
320 	 298.59 	 45.18 	 3.733809840986e9 	 0.21
321 	 287.62 	 41.5 	 3.034588162908e9 	 0.26
322 	 799.48 	 47.18 	 1.0902044764839e10 	 3.38
323 	 556.29 	 35.82 	 4.372571302164e9 	 3.43
324 	 207.13 	 15.79 	 3.16367417398e8 	 4.69
325 	 661.32 	 46.27 	 8.673515124537e9 	 2.07
326 	 349.52 	 39.13 	 3.278507726867e9 	 0.6
327 	 662.5 	 44.13 	 7.903841482432e9 	 2.52
328 	 660.45 	 38.17 	 5.894795569988e9 	 4.45
329 	 424.54 	 45.82 	 5.460259326516e9 	 0.57
330 	 351.8 	 24.37 	 1.27994520451e9 	 4.05
331 	 260.37 	 40.38 	 2.600806586656e9 	 0.22
332 	 824.91 	 44.18 	 9.863759519178e9 	 4.83
333 	 345.07 	 45.04 	 4.28833250165e9 	 0.33
334 	 310.4 	 27.31 	 1.418239565287e9 	 1.76
335 	 268.34 	 20.85 	 7.14631274085e8 	 3.35
336 	 298.24 	 44.86 	 3.67679073988e9 	 0.21
337 	 804.76 	 46.86 	 1.0825686208243e10 	 3.55
338 	 262.54 	 32.77 	 1.72716109878e9 	 0.51
339 	 820.39 	 47.27 	 1.1229904076767e10 	 3.63
340 	 392.58 	 30.63 	 2.256350940477e9 	 2.25
341 	 834.55 	 44.86 	 1.0288578701605e10 	 4.71
342 	 729.66 	 44.42 	 8.819868932207e9 	 3.27
343 	 440.71 	 28.41 	 2.179113526665e9 	 4.31
344 	 590.08 	 47.89 	 8.290582649556e9 	 1.28
345 	 719.07 	 43.3 	 8.259075702936e9 	 3.47
346 	 387.5 	 27.69 	 1.820128719558e9 	 3.25
347 	 492.93 	 35.55 	 3.816356566545e9 	 2.46
348 	 376.72 	 41.93 	 4.057447286742e9 	 0.57
349 	 533.3 	 48.9 	 7.812207786453e9 	 0.87
350 	 262.88 	 49.17 	 3.893520330207e9 	 0.1
351 	 488.86 	 30.07 	 2.707920086276e9 	 4.69
352 	 382.55 	 27.67 	 1.794283273613e9 	 3.13
353 	 214.04 	 38.54 	 1.947613817394e9 	 0.15
354 	 460.23 	 49.18 	 6.819247568447e9 	 0.55
355 	 517.36 	 39.77 	 5.012893914798e9 	 1.82
356 	 237.53 	 37.0 	 1.992078282903e9 	 0.23
357 	 269.81 	 48.76 	 3.929795218478e9 	 0.11
358 	 655.01 	 43.16 	 7.474726155836e9 	 2.66
359 	 376.03 	 49.1 	 5.553540751054e9 	 0.3
360 	 256.4 	 38.24 	 2.296879819893e9 	 0.26
361 	 300.15 	 21.97 	 8.87529803269e8 	 3.81
362 	 345.08 	 28.02 	 1.659741813917e9 	 2.19
363 	 363.03 	 26.04 	 1.508026452111e9 	 3.41
364 	 234.13 	 43.58 	 2.724055809491e9 	 0.12
365 	 396.21 	 35.76 	 3.103880102476e9 	 1.25
366 	 357.28 	 34.6 	 2.620266034962e9 	 1.04
367 	 366.81 	 40.16 	 3.62420753746e9 	 0.62
368 	 532.33 	 33.13 	 3.579384044036e9 	 4.11
369 	 608.1 	 38.64 	 5.5620350711e9 	 3.31
370 	 567.46 	 47.84 	 7.956133829349e9 	 1.14
371 	 254.4 	 18.56 	 5.36855658292e8 	 4.55
372 	 328.52 	 40.83 	 3.355096825262e9 	 0.42
373 	 551.73 	 45.66 	 7.046653186893e9 	 1.27
374 	 692.57 	 41.29 	 7.233324106238e9 	 3.75
375 	 245.59 	 44.47 	 2.9752908185e9 	 0.12
376 	 379.29 	 44.75 	 4.653095392279e9 	 0.45
377 	 354.65 	 47.67 	 4.937132151759e9 	 0.28
378 	 519.04 	 32.98 	 3.458490721383e9 	 3.88
379 	 693.01 	 43.76 	 8.129776608789e9 	 2.98
380 	 390.4 	 47.92 	 5.491966909198e9 	 0.37
381 	 319.09 	 28.37 	 1.573317414156e9 	 1.65
382 	 587.06 	 45.25 	 7.363836569889e9 	 1.58
383 	 256.24 	 39.64 	 2.466599853325e9 	 0.22
384 	 307.51 	 37.03 	 2.58315907441e9 	 0.51
385 	 576.64 	 44.34 	 6.945133953748e9 	 1.63
386 	 294.55 	 35.87 	 2.321700871925e9 	 0.51
387 	 518.67 	 34.43 	 3.766601356609e9 	 3.26
388 	 276.52 	 39.6 	 2.656448520583e9 	 0.28
389 	 598.48 	 47.15 	 8.150749010705e9 	 1.42
390 	 220.3 	 21.73 	 6.37262603994e8 	 1.57
391 	 529.84 	 39.95 	 5.180394020241e9 	 1.92
392 	 450.14 	 39.05 	 4.205079076179e9 	 1.29
393 	 352.36 	 30.41 	 1.99619942272e9 	 1.68
394 	 381.01 	 48.22 	 5.427193054778e9 	 0.34
395 	 215.01 	 41.65 	 2.284931341384e9 	 0.11
396 	 320.97 	 25.38 	 1.266578646256e9 	 2.61
397 	 320.12 	 35.94 	 2.533106432946e9 	 0.65
398 	 287.3 	 43.7 	 3.361111996793e9 	 0.21
399 	 364.34 	 30.61 	 2.091307992545e9 	 1.81
400 	 286.87 	 36.43 	 2.332319052209e9 	 0.44
401 	 269.02 	 38.19 	 2.403634169192e9 	 0.3
402 	 351.5 	 41.65 	 3.735423312853e9 	 0.47
403 	 420.64 	 36.35 	 3.404896250549e9 	 1.4
404 	 393.84 	 28.27 	 1.9282170725e9 	 3.14
405 	 371.3 	 26.81 	 1.634944675463e9 	 3.25
406 	 240.41 	 18.74 	 5.17221042865e8 	 3.7
407 	 617.8 	 48.68 	 8.968783222321e9 	 1.38
408 	 435.23 	 42.6 	 4.83863102188e9 	 0.82
409 	 406.66 	 33.76 	 2.839362330359e9 	 1.7
410 	 518.51 	 32.58 	 3.371660053971e9 	 4.06
411 	 622.66 	 46.34 	 8.191199628251e9 	 1.72
412 	 305.5 	 34.26 	 2.196698309918e9 	 0.68
413 	 447.12 	 41.89 	 4.80650392603e9 	 0.95
414 	 337.48 	 32.63 	 2.201236330589e9 	 1.11
415 	 585.31 	 40.05 	 5.751425107573e9 	 2.56
416 	 302.72 	 44.32 	 3.642714229429e9 	 0.24
417 	 493.85 	 43.74 	 5.788114311483e9 	 1.08
418 	 273.72 	 35.16 	 2.07294962407e9 	 0.44
419 	 438.01 	 32.62 	 2.855199265696e9 	 2.43
420 	 377.63 	 49.94 	 5.769631135183e9 	 0.28
421 	 267.07 	 25.54 	 1.067213662183e9 	 1.47
422 	 214.98 	 23.5 	 7.27307836793e8 	 1.07
423 	 247.03 	 43.62 	 2.879423235816e9 	 0.14
424 	 668.24 	 37.69 	 5.815261212735e9 	 4.85
425 	 357.29 	 25.12 	 1.381161981722e9 	 3.76
426 	 246.51 	 38.57 	 2.246561456059e9 	 0.22
427 	 605.01 	 42.02 	 6.544238721712e9 	 2.33
428 	 367.71 	 34.94 	 2.750019201159e9 	 1.09
429 	 382.8 	 29.19 	 1.998133969483e9 	 2.53
430 	 854.94 	 49.14 	 1.2647084643932e10 	 3.52
431 	 295.79 	 49.88 	 4.508383597469e9 	 0.14
432 	 618.84 	 41.1 	 6.403928955581e9 	 2.72
433 	 376.66 	 44.08 	 4.483499831899e9 	 0.46
434 	 466.42 	 43.42 	 5.386929438445e9 	 0.94
435 	 426.51 	 46.73 	 5.705651798607e9 	 0.53
436 	 224.1 	 28.06 	 1.080940213661e9 	 0.6
437 	 460.79 	 43.37 	 5.30965586293e9 	 0.91
438 	 290.93 	 39.75 	 2.816094711479e9 	 0.32
439 	 408.02 	 39.24 	 3.84878749628e9 	 0.94
440 	 605.44 	 45.16 	 7.564207972399e9 	 1.75
441 	 283.78 	 49.24 	 4.215046372499e9 	 0.13
442 	 799.52 	 49.9 	 1.2195929561542e10 	 2.7
443 	 356.07 	 35.43 	 2.738181130402e9 	 0.94
444 	 717.01 	 48.08 	 1.0154034035181e10 	 2.26
445 	 337.57 	 41.92 	 3.634049810585e9 	 0.41
446 	 715.56 	 46.16 	 9.340328265138e9 	 2.65
447 	 683.35 	 46.8 	 9.168945450582e9 	 2.18
448 	 474.47 	 32.89 	 3.144278375481e9 	 2.99
449 	 528.59 	 36.18 	 4.238776831509e9 	 2.83
450 	 464.31 	 31.6 	 2.840316172266e9 	 3.29
451 	 254.26 	 47.96 	 3.582786058215e9 	 0.1
452 	 573.66 	 36.25 	 4.618012184402e9 	 3.59
453 	 353.91 	 45.53 	 4.494409282331e9 	 0.34
454 	 575.66 	 39.56 	 5.519034428446e9 	 2.56
455 	 716.02 	 43.0 	 8.110479828168e9 	 3.52
456 	 319.89 	 31.42 	 1.934628179681e9 	 1.1
457 	 442.95 	 46.77 	 5.935727157611e9 	 0.6
458 	 341.76 	 29.24 	 1.79003058546e9 	 1.79
459 	 740.8 	 48.08 	 1.049093933594e10 	 2.5
460 	 672.0 	 48.99 	 9.880265978368e9 	 1.73
461 	 353.96 	 33.84 	 2.483129555916e9 	 1.11
462 	 598.55 	 46.22 	 7.833300757455e9 	 1.54
463 	 294.85 	 38.11 	 2.623393956428e9 	 0.4
464 	 482.81 	 32.27 	 3.080056417253e9 	 3.4
465 	 234.92 	 44.3 	 2.82430717072e9 	 0.11
466 	 317.98 	 27.32 	 1.453937302655e9 	 1.89
467 	 445.45 	 38.47 	 4.038571907165e9 	 1.32
468 	 912.88 	 47.46 	 1.2596608859552e10 	 4.92
469 	 323.85 	 38.21 	 2.896559545274e9 	 0.52
470 	 376.56 	 43.84 	 4.43363319762e9 	 0.47
471 	 257.02 	 41.87 	 2.760306607966e9 	 0.18
472 	 602.93 	 50.0 	 9.234032235816e9 	 1.15
473 	 628.66 	 45.79 	 8.074982676764e9 	 1.85
474 	 670.73 	 38.73 	 6.163497294207e9 	 4.4
475 	 712.09 	 39.41 	 6.775357892234e9 	 4.91
476 	 501.28 	 49.15 	 7.418428340917e9 	 0.71
477 	 332.55 	 23.77 	 1.151064870111e9 	 3.78
478 	 502.63 	 45.72 	 6.436434200889e9 	 0.95
479 	 458.42 	 36.03 	 3.645663373764e9 	 1.88
480 	 734.31 	 45.82 	 9.444393993625e9 	 2.95
481 	 228.84 	 25.94 	 9.43314188248e8 	 0.87
482 	 352.91 	 33.62 	 2.443677369382e9 	 1.13
483 	 393.81 	 46.98 	 5.324725805824e9 	 0.41
484 	 575.76 	 36.4 	 4.67335466251e9 	 3.57
485 	 685.71 	 47.05 	 9.299170757697e9 	 2.16
486 	 646.61 	 47.0 	 8.750293429126e9 	 1.82
487 	 858.78 	 45.75 	 1.1011553737256e10 	 4.74
488 	 554.48 	 40.18 	 5.483908939726e9 	 2.15
489 	 388.14 	 47.4 	 5.342315948359e9 	 0.38
490 	 664.03 	 47.05 	 9.005160138008e9 	 1.96
491 	 340.97 	 27.81 	 1.615483889577e9 	 2.17
492 	 519.53 	 49.0 	 7.641652330256e9 	 0.8
493 	 376.56 	 30.65 	 2.167103367854e9 	 1.98
494 	 636.15 	 39.48 	 6.074328901163e9 	 3.48
495 	 652.98 	 37.59 	 5.652349596771e9 	 4.57
496 	 777.82 	 47.35 	 1.0683254062957e10 	 3.07
497 	 214.1 	 16.23 	 3.45492155471e8 	 4.64
498 	 648.38 	 44.31 	 7.798617037665e9 	 2.32
499 	 331.22 	 40.38 	 3.308519251958e9 	 0.45
500 	 450.68 	 30.0 	 2.484821974845e9 	 3.71
501 	 925.92 	 47.92 	 1.3025414960463e10 	 4.94
502 	 272.09 	 29.95 	 1.495170494529e9 	 0.82
503 	 635.64 	 46.36 	 8.369173237562e9 	 1.82
504 	 686.68 	 42.65 	 7.652035101036e9 	 3.21
505 	 299.99 	 37.89 	 2.638398993361e9 	 0.43
506 	 857.22 	 49.64 	 1.2940180218783e10 	 3.4
507 	 479.34 	 36.34 	 3.877912464051e9 	 2.07
508 	 462.95 	 37.24 	 3.933126521622e9 	 1.69
509 	 315.95 	 46.71 	 4.223014555678e9 	 0.22
510 	 426.64 	 45.15 	 5.327967463288e9 	 0.61
511 	 592.31 	 41.04 	 6.111506150783e9 	 2.4
512 	 702.28 	 45.71 	 8.989121014848e9 	 2.6
513 	 656.26 	 40.83 	 6.702227695562e9 	 3.34
514 	 529.0 	 36.62 	 4.34587105165e9 	 2.7
515 	 275.8 	 37.15 	 2.331827297681e9 	 0.36
516 	 275.17 	 33.18 	 1.85583059968e9 	 0.56
517 	 238.51 	 21.17 	 6.5483637018e8 	 2.22
518 	 645.41 	 39.0 	 6.0138056422e9 	 3.81
519 	 639.33 	 40.35 	 6.376709697234e9 	 3.23
520 	 734.44 	 43.8 	 8.631554698033e9 	 3.53
521 	 228.34 	 24.03 	 8.07744523864e8 	 1.17
522 	 358.5 	 25.89 	 1.472101465102e9 	 3.36
523 	 494.46 	 48.0 	 6.979079144018e9 	 0.75
524 	 822.23 	 49.22 	 1.220284293019e10 	 3.11
525 	 290.9 	 45.15 	 3.632818617735e9 	 0.19
526 	 370.78 	 30.38 	 2.096410485495e9 	 1.96
527 	 436.86 	 46.4 	 5.761860330222e9 	 0.59
528 	 422.07 	 30.15 	 2.350409865653e9 	 2.98
529 	 344.54 	 35.06 	 2.594465840103e9 	 0.89
530 	 392.72 	 44.74 	 4.815700426801e9 	 0.5
531 	 331.95 	 23.88 	 1.159646981693e9 	 3.69
532 	 257.23 	 32.76 	 1.691195786557e9 	 0.48
533 	 510.24 	 36.84 	 4.242269249787e9 	 2.37
534 	 621.07 	 39.34 	 5.888351771133e9 	 3.28
535 	 492.69 	 38.97 	 4.583730160547e9 	 1.7
536 	 254.68 	 26.67 	 1.109750518548e9 	 1.07
537 	 594.64 	 42.84 	 6.685555957631e9 	 2.05
538 	 414.02 	 30.12 	 2.300995345331e9 	 2.83
539 	 255.88 	 31.11 	 1.517123195256e9 	 0.59
540 	 203.76 	 30.64 	 1.171874051602e9 	 0.31
541 	 369.47 	 49.84 	 5.622374006031e9 	 0.27
542 	 310.37 	 32.97 	 2.066817425989e9 	 0.83
543 	 501.79 	 45.65 	 6.406016455954e9 	 0.95
544 	 639.62 	 38.61 	 5.841254415957e9 	 3.86
545 	 272.76 	 32.88 	 1.806461805364e9 	 0.57
546 	 587.92 	 42.39 	 6.471866520611e9 	 2.06
547 	 370.78 	 41.74 	 3.957361037955e9 	 0.55
548 	 636.72 	 47.41 	 8.767441694164e9 	 1.68
549 	 848.37 	 46.83 	 1.1397723109758e10 	 4.16
550 	 352.24 	 32.72 	 2.310200888283e9 	 1.25
551 	 250.97 	 20.19 	 6.26727761506e8 	 3.12
552 	 613.99 	 39.35 	 5.824186258358e9 	 3.17
553 	 335.61 	 26.49 	 1.442724122991e9 	 2.52
554 	 451.29 	 38.41 	 4.078766170762e9 	 1.39
555 	 431.08 	 47.89 	 6.05664379164e9 	 0.5
556 	 225.38 	 40.3 	 2.242383818949e9 	 0.14
557 	 476.04 	 49.51 	 7.148481264053e9 	 0.59
558 	 324.65 	 45.75 	 4.162766856238e9 	 0.26
559 	 828.6 	 45.3 	 1.0416595912404e10 	 4.43
560 	 781.81 	 45.93 	 1.0103657039284e10 	 3.52
561 	 438.06 	 48.58 	 6.333344381251e9 	 0.5
562 	 615.77 	 49.32 	 9.175910024382e9 	 1.29
563 	 311.88 	 33.56 	 2.151869420173e9 	 0.78
564 	 608.7 	 41.29 	 6.357370927801e9 	 2.55
565 	 802.44 	 49.08 	 1.1841484788175e10 	 2.92
566 	 295.04 	 46.62 	 3.928347712333e9 	 0.18
567 	 205.06 	 35.17 	 1.553853869844e9 	 0.18
568 	 551.78 	 42.39 	 6.074034747487e9 	 1.71
569 	 589.52 	 43.2 	 6.73985450179e9 	 1.93
570 	 254.77 	 27.95 	 1.219260194701e9 	 0.89
571 	 311.23 	 40.69 	 3.156758194421e9 	 0.36
572 	 239.48 	 24.26 	 8.63446287606e8 	 1.3
573 	 534.18 	 45.0 	 6.626697336639e9 	 1.22
574 	 220.64 	 30.66 	 1.270612237897e9 	 0.4
575 	 662.0 	 42.01 	 7.157277181691e9 	 3.06
576 	 612.53 	 37.1 	 5.16487324175e9 	 3.98
577 	 202.44 	 26.98 	 9.027441928e8 	 0.51
578 	 462.81 	 45.21 	 5.795037256024e9 	 0.78
579 	 231.05 	 43.58 	 2.688220624366e9 	 0.11
580 	 408.77 	 49.83 	 6.217922052193e9 	 0.36
581 	 415.51 	 46.84 	 5.584698567775e9 	 0.49
582 	 803.11 	 46.62 	 1.069311053163e10 	 3.6
583 	 737.45 	 48.72 	 1.0723378199712e10 	 2.34
584 	 370.29 	 33.81 	 2.593085336432e9 	 1.27
585 	 224.77 	 40.66 	 2.276447181772e9 	 0.14
586 	 651.83 	 40.94 	 6.692902607796e9 	 3.23
587 	 290.2 	 37.03 	 2.437750848407e9 	 0.43
588 	 476.04 	 30.55 	 2.721763337237e9 	 4.06
589 	 528.2 	 38.92 	 4.901494776179e9 	 2.11
590 	 931.24 	 48.05 	 1.3171428850231e10 	 4.97
591 	 282.28 	 47.87 	 3.962702307427e9 	 0.14
592 	 267.92 	 37.25 	 2.277414978973e9 	 0.33
593 	 588.42 	 40.35 	 5.868930786991e9 	 2.52
594 	 377.46 	 36.31 	 3.048652452461e9 	 1.01
595 	 434.11 	 40.61 	 4.385814441338e9 	 0.99
596 	 247.56 	 48.07 	 3.504396212915e9 	 0.09
597 	 560.05 	 33.7 	 3.896467761793e9 	 4.47
598 	 450.7 	 39.76 	 4.364804471771e9 	 1.2
599 	 443.84 	 49.78 	 6.737840220209e9 	 0.47
600 	 449.69 	 41.89 	 4.83413121868e9 	 0.97
601 	 328.04 	 22.89 	 1.052938177454e9 	 4.22
602 	 838.0 	 50.0 	 1.2834191388078e10 	 3.09
603 	 242.04 	 18.25 	 4.93852624276e8 	 4.19
604 	 341.14 	 41.85 	 3.660227282557e9 	 0.42
605 	 341.76 	 30.12 	 1.899396573161e9 	 1.59
606 	 295.85 	 46.0 	 3.835056097803e9 	 0.19
607 	 590.44 	 38.36 	 5.322521845578e9 	 3.12
608 	 248.11 	 35.7 	 1.937158627078e9 	 0.31
609 	 243.68 	 21.73 	 7.04894014259e8 	 2.13
610 	 423.08 	 36.62 	 3.475711010457e9 	 1.38
611 	 499.51 	 41.87 	 5.364566001654e9 	 1.33
612 	 562.54 	 45.05 	 6.994029882556e9 	 1.42
613 	 754.38 	 45.0 	 9.358358487427e9 	 3.43
614 	 499.74 	 35.16 	 3.784655286909e9 	 2.68
615 	 365.62 	 41.96 	 3.943532164658e9 	 0.52
616 	 441.77 	 42.8 	 4.957563004653e9 	 0.84
617 	 875.24 	 47.98 	 1.2343323995468e10 	 4.15
618 	 407.85 	 42.23 	 4.455814614089e9 	 0.7
619 	 646.19 	 43.76 	 7.580526034016e9 	 2.41
620 	 463.5 	 42.88 	 5.220880777547e9 	 0.97
621 	 432.36 	 39.66 	 4.166154887899e9 	 1.07
622 	 782.58 	 44.11 	 9.327974373189e9 	 4.15
623 	 628.01 	 40.55 	 6.326052041739e9 	 3.01
624 	 558.29 	 33.55 	 3.849722115625e9 	 4.51
625 	 291.21 	 28.22 	 1.420707873266e9 	 1.28
626 	 512.2 	 36.02 	 4.071097233743e9 	 2.62
627 	 752.01 	 47.01 	 1.0180956976626e10 	 2.86
628 	 338.28 	 36.87 	 2.817131249828e9 	 0.69
629 	 528.07 	 49.69 	 7.987557052217e9 	 0.79
630 	 694.47 	 41.79 	 7.429895678836e9 	 3.6
631 	 787.78 	 49.83 	 1.1983155892744e10 	 2.6
632 	 620.39 	 47.12 	 8.438394721866e9 	 1.59
633 	 511.78 	 34.52 	 3.736021510911e9 	 3.1
634 	 370.48 	 43.94 	 4.38196956875e9 	 0.45
635 	 300.71 	 45.65 	 3.838962929652e9 	 0.21
636 	 636.2 	 42.54 	 7.052987594447e9 	 2.58
637 	 209.78 	 27.79 	 9.92488900859e8 	 0.51
638 	 583.91 	 46.03 	 7.579007674895e9 	 1.45
639 	 314.05 	 46.06 	 4.081606651956e9 	 0.23
640 	 324.49 	 22.59 	 1.014421075138e9 	 4.3
641 	 345.83 	 39.43 	 3.293826375598e9 	 0.56
642 	 222.1 	 28.46 	 1.102053895679e9 	 0.55
643 	 568.03 	 48.96 	 8.341392852312e9 	 1.05
644 	 396.13 	 29.69 	 2.139156769037e9 	 2.62
645 	 697.02 	 45.87 	 8.984361208947e9 	 2.51
646 	 610.35 	 45.27 	 7.662745856866e9 	 1.78
647 	 561.17 	 36.43 	 4.56244111454e9 	 3.29
648 	 716.68 	 49.16 	 1.061044302091e10 	 2.07
649 	 749.6 	 41.1 	 7.75706991323e9 	 4.84
650 	 486.6 	 34.48 	 3.543978699413e9 	 2.67
651 	 432.41 	 35.62 	 3.360996369023e9 	 1.65
652 	 250.99 	 23.14 	 8.23318002779e8 	 1.81
653 	 477.71 	 32.34 	 3.060756974245e9 	 3.27
654 	 356.53 	 37.67 	 3.099358428907e9 	 0.74
655 	 233.93 	 33.46 	 1.604435557059e9 	 0.34
656 	 437.52 	 28.41 	 2.163340405679e9 	 4.22
657 	 473.38 	 49.3 	 7.048362435387e9 	 0.59
658 	 753.97 	 49.33 	 1.1239856869678e10 	 2.37
659 	 287.54 	 42.52 	 3.184705399146e9 	 0.24
660 	 232.55 	 32.86 	 1.538281957031e9 	 0.35
661 	 375.55 	 44.02 	 4.458125877088e9 	 0.46
662 	 274.02 	 33.03 	 1.831402882625e9 	 0.57
663 	 222.56 	 22.47 	 6.88395054329e8 	 1.42
664 	 642.22 	 40.95 	 6.597450227198e9 	 3.09
665 	 735.11 	 48.08 	 1.0410359631807e10 	 2.44
666 	 334.31 	 24.04 	 1.183594063647e9 	 3.67
667 	 319.56 	 48.21 	 4.549997515459e9 	 0.2
668 	 510.78 	 46.35 	 6.722299299045e9 	 0.95
669 	 411.29 	 49.84 	 6.258765813031e9 	 0.37
670 	 311.22 	 21.78 	 9.04414951339e8 	 4.39
671 	 407.91 	 49.33 	 6.080944886017e9 	 0.38
672 	 750.06 	 41.78 	 8.02079397254e9 	 4.54
673 	 616.56 	 48.02 	 8.709718955936e9 	 1.45
674 	 283.86 	 38.52 	 2.580246748185e9 	 0.34
675 	 256.84 	 25.81 	 1.048149313902e9 	 1.25
676 	 287.16 	 20.57 	 7.44349690468e8 	 4.34
677 	 397.07 	 25.5 	 1.581728430308e9 	 4.86
678 	 284.69 	 48.52 	 4.105804637022e9 	 0.14
679 	 504.6 	 45.1 	 6.287598678429e9 	 1.02
680 	 247.88 	 26.33 	 1.052755913852e9 	 1.04
681 	 849.21 	 48.5 	 1.2237228257579e10 	 3.63
682 	 274.76 	 44.34 	 3.30924841345e9 	 0.18
683 	 351.71 	 42.99 	 3.982025995516e9 	 0.42
684 	 354.0 	 44.91 	 4.37395042335e9 	 0.36
685 	 220.44 	 41.11 	 2.282284811042e9 	 0.12
686 	 269.79 	 42.12 	 2.932155897302e9 	 0.2
687 	 249.82 	 27.75 	 1.178521915577e9 	 0.86
688 	 489.86 	 32.76 	 3.220655320153e9 	 3.35
689 	 474.77 	 31.1 	 2.813121764927e9 	 3.75
690 	 308.13 	 49.16 	 4.561862767251e9 	 0.16
691 	 571.06 	 35.3 	 4.359288741126e9 	 3.93
692 	 625.33 	 37.92 	 5.508462607492e9 	 3.88
693 	 202.54 	 20.74 	 5.33719159966e8 	 1.47
694 	 236.1 	 42.16 	 2.57087922943e9 	 0.14
695 	 527.87 	 48.28 	 7.537823909435e9 	 0.89
696 	 210.8 	 46.59 	 2.803112393031e9 	 0.07
697 	 585.05 	 34.39 	 4.2387892025e9 	 4.7
698 	 277.05 	 32.5 	 1.792707190833e9 	 0.63
699 	 436.72 	 42.38 	 4.805177890122e9 	 0.85
700 	 426.52 	 43.57 	 4.960197903646e9 	 0.71
701 	 355.98 	 38.86 	 3.293181562794e9 	 0.65
702 	 700.35 	 44.05 	 8.325138025013e9 	 2.99
703 	 281.26 	 42.54 	 3.118081249315e9 	 0.22
704 	 385.72 	 47.08 	 5.237566504306e9 	 0.38
705 	 473.85 	 29.72 	 2.5640292734e9 	 4.47
706 	 589.25 	 34.59 	 4.319019842381e9 	 4.69
707 	 609.28 	 43.88 	 7.186784860026e9 	 2.0
708 	 236.26 	 26.52 	 1.017938928437e9 	 0.87
709 	 891.63 	 48.68 	 1.2944053390285e10 	 4.14
710 	 549.54 	 43.49 	 6.367406974379e9 	 1.52
711 	 634.19 	 48.52 	 9.14630033634e9 	 1.51
712 	 442.09 	 47.99 	 6.237300605176e9 	 0.53
713 	 242.07 	 18.58 	 5.11937417817e8 	 3.9
714 	 425.38 	 47.2 	 5.805579121639e9 	 0.51
715 	 219.06 	 35.35 	 1.676974287092e9 	 0.22
716 	 339.61 	 30.31 	 1.911335061597e9 	 1.52
717 	 264.98 	 35.46 	 2.041150568828e9 	 0.39
718 	 930.78 	 48.12 	 1.32033083e10 	 4.93
719 	 372.98 	 49.93 	 5.696304028009e9 	 0.27
720 	 550.87 	 48.85 	 8.053093506154e9 	 0.96
721 	 492.05 	 32.06 	 3.098280661071e9 	 3.7
722 	 333.8 	 38.89 	 3.092763438841e9 	 0.53
723 	 239.97 	 42.54 	 2.660335481043e9 	 0.14
724 	 257.19 	 49.98 	 3.935782280054e9 	 0.09
725 	 421.56 	 30.62 	 2.421331503665e9 	 2.8
726 	 315.89 	 26.88 	 1.398230884335e9 	 1.98
727 	 226.25 	 39.87 	 2.203258951448e9 	 0.15
728 	 773.35 	 49.4 	 1.1561507673611e10 	 2.55
729 	 289.57 	 30.17 	 1.614688196397e9 	 0.96
730 	 933.62 	 49.78 	 1.4173085766022e10 	 4.35
731 	 554.97 	 46.32 	 7.29442549211e9 	 1.22
732 	 754.44 	 41.38 	 7.913892800177e9 	 4.8
733 	 408.27 	 30.54 	 2.332759776926e9 	 2.57
734 	 272.72 	 44.09 	 3.247743108725e9 	 0.18
735 	 714.26 	 41.97 	 7.707592614543e9 	 3.85
736 	 468.25 	 35.51 	 3.617125811304e9 	 2.12
737 	 689.08 	 46.86 	 9.269550987097e9 	 2.23
738 	 275.7 	 35.15 	 2.08675714349e9 	 0.45
739 	 336.33 	 40.91 	 3.448331825197e9 	 0.45
740 	 596.44 	 40.56 	 6.011005678548e9 	 2.57
741 	 271.17 	 19.52 	 6.32973825831e8 	 4.51
742 	 635.68 	 46.38 	 8.376922940417e9 	 1.82
743 	 431.49 	 31.57 	 2.634537489774e9 	 2.65
744 	 484.25 	 37.99 	 4.281467981619e9 	 1.79
745 	 449.03 	 48.76 	 6.540142867029e9 	 0.53
746 	 328.95 	 26.8 	 1.447384651239e9 	 2.26
747 	 389.4 	 26.32 	 1.652540839678e9 	 4.04
748 	 518.58 	 47.96 	 7.307327908712e9 	 0.86
749 	 321.7 	 45.32 	 4.047765526554e9 	 0.26
750 	 289.9 	 25.92 	 1.193171012391e9 	 1.77
751 	 288.57 	 23.14 	 9.46591003873e8 	 2.75
752 	 687.65 	 38.61 	 6.279882741523e9 	 4.8
753 	 403.33 	 35.98 	 3.198654468965e9 	 1.28
754 	 694.86 	 43.91 	 8.207458023987e9 	 2.96
755 	 523.24 	 47.38 	 7.195741176436e9 	 0.93
756 	 218.83 	 44.42 	 2.64513872e9 	 0.09
757 	 251.89 	 38.29 	 2.262383075041e9 	 0.24
758 	 437.73 	 29.2 	 2.28642257319e9 	 3.78
759 	 800.45 	 46.67 	 1.0680566657131e10 	 3.55
760 	 242.55 	 27.26 	 1.104173871427e9 	 0.85
761 	 444.73 	 31.17 	 2.647003497286e9 	 3.06
762 	 522.52 	 40.94 	 5.365164951944e9 	 1.67
763 	 206.47 	 44.99 	 2.560197258344e9 	 0.07
764 	 613.66 	 36.98 	 5.140982356891e9 	 4.05
765 	 280.68 	 28.2 	 1.367395569953e9 	 1.15
766 	 267.56 	 24.96 	 1.021162442311e9 	 1.62
767 	 585.11 	 44.67 	 7.152434833801e9 	 1.65
768 	 417.65 	 31.08 	 2.471490753881e9 	 2.56
769 	 457.91 	 30.02 	 2.528051912611e9 	 3.88
770 	 240.85 	 36.1 	 1.922850584105e9 	 0.27
771 	 410.5 	 35.02 	 3.084110493581e9 	 1.51
772 	 505.76 	 46.04 	 6.567492605379e9 	 0.94
773 	 552.32 	 42.73 	 6.177902349644e9 	 1.66
774 	 306.67 	 46.28 	 4.023856439099e9 	 0.21
775 	 299.88 	 22.78 	 9.53321583544e8 	 3.29
776 	 477.63 	 43.68 	 5.582662077836e9 	 0.98
777 	 557.04 	 34.79 	 4.130282181357e9 	 3.87
778 	 638.12 	 37.37 	 5.459250672602e9 	 4.37
779 	 789.16 	 46.93 	 1.0647573743616e10 	 3.32
780 	 635.82 	 43.17 	 7.259099780778e9 	 2.43
781 	 244.85 	 34.47 	 1.782243991423e9 	 0.34
782 	 522.86 	 46.39 	 6.893164578479e9 	 1.01
783 	 353.63 	 26.29 	 1.497320454121e9 	 3.04
784 	 237.9 	 19.09 	 5.31117709718e8 	 3.33
785 	 357.99 	 41.03 	 3.691972124686e9 	 0.53
786 	 637.95 	 49.07 	 9.410295078089e9 	 1.47
787 	 491.75 	 39.39 	 4.674130292272e9 	 1.62
788 	 396.09 	 34.6 	 2.904895806617e9 	 1.42
789 	 319.45 	 42.73 	 3.573165747381e9 	 0.32
790 	 746.78 	 49.25 	 1.109659235426e10 	 2.32
791 	 434.88 	 49.91 	 6.636346581174e9 	 0.43
792 	 257.05 	 37.6 	 2.226269733862e9 	 0.28
793 	 389.47 	 41.81 	 4.170794860685e9 	 0.63
794 	 212.46 	 43.92 	 2.510650869824e9 	 0.08
795 	 375.11 	 47.2 	 5.119495002864e9 	 0.35
796 	 531.55 	 48.65 	 7.707158593685e9 	 0.88
797 	 405.06 	 39.87 	 3.944539539772e9 	 0.86
798 	 451.65 	 47.56 	 6.258499048181e9 	 0.59
799 	 235.65 	 31.71 	 1.451591485773e9 	 0.42
800 	 430.14 	 39.38 	 4.086445756165e9 	 1.09
801 	 374.66 	 35.77 	 2.936700743227e9 	 1.05
802 	 227.53 	 27.61 	 1.062566119687e9 	 0.66
803 	 423.02 	 36.02 	 3.362271674772e9 	 1.48
804 	 697.37 	 43.0 	 7.899228119004e9 	 3.25
805 	 318.34 	 38.65 	 2.913229456003e9 	 0.47
806 	 476.68 	 34.94 	 3.564980970897e9 	 2.38
807 	 494.75 	 32.43 	 3.187602687277e9 	 3.59
808 	 291.47 	 37.15 	 2.464313641969e9 	 0.43
809 	 570.51 	 42.12 	 6.200467997218e9 	 1.94
810 	 249.16 	 49.79 	 3.783964547739e9 	 0.08
811 	 480.04 	 35.78 	 3.764805840693e9 	 2.21
812 	 514.07 	 32.13 	 3.251084034064e9 	 4.18
813 	 379.86 	 30.21 	 2.123779862339e9 	 2.16
814 	 603.74 	 44.22 	 7.232224701095e9 	 1.89
815 	 924.4 	 48.95 	 1.3569061571516e10 	 4.51
816 	 664.33 	 46.29 	 8.720526587024e9 	 2.09
817 	 741.7 	 49.67 	 1.120988308432e10 	 2.2
818 	 481.16 	 42.9 	 5.424860622843e9 	 1.08
819 	 243.9 	 34.34 	 1.761963331589e9 	 0.34
820 	 406.08 	 27.82 	 1.925352866045e9 	 3.67
821 	 425.03 	 49.43 	 6.361877319174e9 	 0.42
822 	 341.84 	 45.67 	 4.367866811873e9 	 0.3
823 	 317.42 	 47.37 	 4.363405159443e9 	 0.21
824 	 895.88 	 49.23 	 1.3301297188416e10 	 4.02
825 	 330.49 	 45.31 	 4.156530115937e9 	 0.28
826 	 385.02 	 29.8 	 2.094596154563e9 	 2.37
827 	 212.42 	 48.57 	 3.069842508344e9 	 0.06
828 	 769.96 	 44.88 	 9.500759932824e9 	 3.69
829 	 742.71 	 47.18 	 1.0127905222511e10 	 2.71
830 	 262.87 	 37.25 	 2.234488188722e9 	 0.31
831 	 546.85 	 39.14 	 5.132090936892e9 	 2.29
832 	 605.51 	 46.04 	 7.862785604799e9 	 1.62
833 	 406.45 	 48.26 	 5.799175434888e9 	 0.41
834 	 365.27 	 38.93 	 3.391308482142e9 	 0.7
835 	 267.66 	 20.29 	 6.75043953795e8 	 3.71
836 	 456.53 	 47.04 	 6.188543269737e9 	 0.64
837 	 532.01 	 37.87 	 4.674066531727e9 	 2.4
838 	 446.27 	 37.12 	 3.767021613615e9 	 1.54
839 	 251.32 	 35.17 	 1.904391663753e9 	 0.34
840 	 216.65 	 16.82 	 3.75487220268e8 	 4.17
841 	 505.15 	 47.82 	 7.076589194206e9 	 0.81
842 	 368.28 	 46.47 	 4.872007671782e9 	 0.35
843 	 796.01 	 47.78 	 1.1132566512677e10 	 3.17
844 	 334.61 	 46.65 	 4.460943227173e9 	 0.26
845 	 220.32 	 25.56 	 8.8177971929e8 	 0.82
846 	 791.14 	 44.94 	 9.788225436403e9 	 3.98
847 	 290.1 	 33.44 	 1.987306030409e9 	 0.64
848 	 570.58 	 37.67 	 4.960120978223e9 	 3.03
849 	 257.31 	 46.53 	 3.412771834651e9 	 0.12
850 	 321.38 	 26.35 	 1.366987582649e9 	 2.26
851 	 260.84 	 48.84 	 3.81162341465e9 	 0.1
852 	 863.58 	 46.86 	 1.1616936845413e10 	 4.38
853 	 454.21 	 42.02 	 4.913073618269e9 	 0.99
854 	 229.7 	 40.58 	 2.317232252661e9 	 0.15
855 	 693.32 	 45.28 	 8.708253214483e9 	 2.6
856 	 733.28 	 48.24 	 1.0453673273372e10 	 2.39
857 	 384.31 	 40.94 	 3.946043295341e9 	 0.66
858 	 215.21 	 37.22 	 1.826415857358e9 	 0.17
859 	 710.51 	 41.11 	 7.356134009678e9 	 4.12
860 	 806.8 	 49.11 	 1.1920383889852e10 	 2.96
861 	 718.66 	 44.33 	 8.651739204651e9 	 3.15
862 	 444.57 	 30.44 	 2.523561731924e9 	 3.36
863 	 265.3 	 25.53 	 1.059310711157e9 	 1.44
864 	 616.78 	 37.5 	 5.313458612697e9 	 3.89
865 	 437.48 	 42.82 	 4.914009745218e9 	 0.82
866 	 211.79 	 41.12 	 2.19379552566e9 	 0.11
867 	 222.71 	 43.61 	 2.594755106524e9 	 0.1
868 	 235.83 	 18.52 	 4.9552491961e8 	 3.66
869 	 634.85 	 42.71 	 7.094384961615e9 	 2.52
870 	 210.63 	 34.0 	 1.491634933782e9 	 0.23
871 	 629.62 	 47.37 	 8.655053734763e9 	 1.63
872 	 586.46 	 38.07 	 5.207012661581e9 	 3.15
873 	 689.07 	 38.77 	 6.345113989138e9 	 4.75
874 	 437.07 	 31.93 	 2.729815649465e9 	 2.64
875 	 465.44 	 40.07 	 4.578116845663e9 	 1.28
876 	 324.74 	 41.88 	 3.489262286431e9 	 0.37
877 	 584.03 	 49.16 	 8.646560581434e9 	 1.12
878 	 399.24 	 35.6 	 3.099691889275e9 	 1.3
879 	 842.46 	 46.09 	 1.0963448731218e10 	 4.35
880 	 212.07 	 48.26 	 3.025787020486e9 	 0.06
881 	 573.69 	 36.89 	 4.78276535045e9 	 3.34
882 	 228.78 	 19.84 	 5.51678266745e8 	 2.54
883 	 570.47 	 38.97 	 5.307354613829e9 	 2.64
884 	 220.46 	 37.61 	 1.910385239818e9 	 0.18
885 	 369.11 	 35.43 	 2.838458834057e9 	 1.05
886 	 893.09 	 49.05 	 1.3163086464253e10 	 4.04
887 	 494.84 	 30.06 	 2.739222023639e9 	 4.87
888 	 605.11 	 41.64 	 6.427472924099e9 	 2.42
889 	 273.77 	 47.52 	 3.787243282697e9 	 0.13
890 	 208.34 	 33.62 	 1.442622037168e9 	 0.23
891 	 504.91 	 42.56 	 5.602755812659e9 	 1.29
892 	 381.58 	 38.46 	 3.457710649502e9 	 0.83
893 	 226.91 	 25.57 	 9.08865411576e8 	 0.9
894 	 452.12 	 28.09 	 2.185454058419e9 	 4.87
895 	 282.22 	 31.42 	 1.706807855418e9 	 0.76
896 	 759.25 	 49.9 	 1.1581648388534e10 	 2.32
897 	 740.87 	 42.54 	 8.213371454099e9 	 4.07
898 	 593.27 	 47.29 	 8.127846628395e9 	 1.37
899 	 548.18 	 44.43 	 6.629187412864e9 	 1.39
900 	 432.1 	 42.78 	 4.844515065761e9 	 0.79
901 	 593.7 	 37.05 	 4.99261362517e9 	 3.64
902 	 274.35 	 44.5 	 3.328200416035e9 	 0.17
903 	 942.6 	 48.64 	 1.3661520936114e10 	 4.91
904 	 301.62 	 47.45 	 4.160227238851e9 	 0.18
905 	 631.89 	 36.86 	 5.259405162142e9 	 4.48
906 	 373.51 	 27.26 	 1.700350371951e9 	 3.1
907 	 426.64 	 38.72 	 3.918472037915e9 	 1.13
908 	 296.57 	 44.88 	 3.659463314039e9 	 0.21
909 	 315.38 	 30.26 	 1.769116692362e9 	 1.23
910 	 300.02 	 31.24 	 1.793728634733e9 	 0.93
911 	 286.09 	 42.27 	 3.131494530108e9 	 0.24
912 	 314.46 	 34.81 	 2.3343068298e9 	 0.69
913 	 442.57 	 47.61 	 6.145579180534e9 	 0.55
914 	 220.34 	 21.12 	 6.02095881988e8 	 1.76
915 	 752.08 	 46.21 	 9.838309047151e9 	 3.06
916 	 589.6 	 35.76 	 4.618883189268e9 	 4.11
917 	 626.38 	 39.68 	 6.041790938432e9 	 3.25
918 	 313.02 	 48.2 	 4.455030151157e9 	 0.19
919 	 946.82 	 48.69 	 1.3750910526815e10 	 4.95
920 	 660.63 	 39.49 	 6.311274115668e9 	 3.89
921 	 228.56 	 40.05 	 2.245896572051e9 	 0.15
922 	 240.87 	 26.21 	 1.013680841849e9 	 0.97
923 	 211.11 	 28.19 	 1.027740430216e9 	 0.49
924 	 294.0 	 43.16 	 3.355016701754e9 	 0.24
925 	 251.82 	 22.14 	 7.56188270764e8 	 2.18
926 	 561.79 	 47.68 	 7.824038555401e9 	 1.13
927 	 495.42 	 43.81 	 5.825115291393e9 	 1.08
928 	 386.28 	 37.47 	 3.322416638077e9 	 0.96
929 	 213.55 	 42.28 	 2.338589616705e9 	 0.1
930 	 779.16 	 46.0 	 1.0100126108379e10 	 3.47
931 	 401.08 	 43.73 	 4.698664596625e9 	 0.58
932 	 256.38 	 48.98 	 3.767959176498e9 	 0.1
933 	 646.13 	 37.66 	 5.613904511759e9 	 4.4
934 	 355.85 	 31.46 	 2.157589852018e9 	 1.51
935 	 242.23 	 24.58 	 8.96553417479e8 	 1.28
936 	 264.2 	 35.7 	 2.062783883253e9 	 0.37
937 	 271.73 	 42.56 	 3.015263783593e9 	 0.2
938 	 558.74 	 48.99 	 8.215029483264e9 	 0.99
939 	 202.99 	 24.71 	 7.59284647086e8 	 0.74
940 	 321.27 	 39.0 	 2.993531768441e9 	 0.47
941 	 418.01 	 35.0 	 3.136947455422e9 	 1.6
942 	 387.89 	 49.88 	 5.912156981717e9 	 0.31
943 	 490.2 	 37.05 	 4.122248945694e9 	 2.05
944 	 746.77 	 41.1 	 7.727784283755e9 	 4.79
945 	 228.89 	 36.51 	 1.86911046514e9 	 0.22
946 	 398.9 	 27.57 	 1.857471045207e9 	 3.6
947 	 200.21 	 35.49 	 1.544835526682e9 	 0.17
948 	 393.85 	 46.35 	 5.183401031616e9 	 0.43
949 	 395.28 	 41.47 	 4.16444754063e9 	 0.69
950 	 266.83 	 24.27 	 9.62850129014e8 	 1.8
951 	 287.05 	 47.16 	 3.911016319227e9 	 0.16
952 	 478.68 	 30.19 	 2.672735563693e9 	 4.33
953 	 818.04 	 49.36 	 1.2209821817048e10 	 3.03
954 	 424.1 	 40.56 	 4.274139072283e9 	 0.92
955 	 865.26 	 45.63 	 1.1036517311231e10 	 4.9
956 	 242.15 	 28.93 	 1.24155460401e9 	 0.66
957 	 376.05 	 26.83 	 1.658331775605e9 	 3.37
958 	 230.06 	 24.68 	 8.58451789408e8 	 1.08
959 	 531.32 	 35.43 	 4.085855023465e9 	 3.12
960 	 231.53 	 28.96 	 1.189566898764e9 	 0.58
961 	 623.79 	 47.95 	 8.786180385743e9 	 1.51
962 	 400.15 	 34.72 	 2.955062959901e9 	 1.45
963 	 441.33 	 28.72 	 2.230061322005e9 	 4.14
964 	 335.8 	 25.79 	 1.36825757171e9 	 2.81
965 	 734.73 	 49.17 	 1.0882099026981e10 	 2.23
966 	 481.53 	 47.21 	 6.574698386069e9 	 0.74
967 	 407.33 	 35.5 	 3.144760583393e9 	 1.4
968 	 307.18 	 41.24 	 3.200477168181e9 	 0.33
969 	 471.13 	 38.8 	 4.344989135026e9 	 1.51
970 	 321.45 	 31.48 	 1.951494634374e9 	 1.11
971 	 540.85 	 33.09 	 3.627896197698e9 	 4.33
972 	 354.42 	 23.42 	 1.190903267305e9 	 4.85
973 	 400.03 	 33.07 	 2.680065672117e9 	 1.76
974 	 352.48 	 38.01 	 3.119713433972e9 	 0.69
975 	 268.23 	 36.96 	 2.244686831389e9 	 0.34
976 	 520.15 	 48.53 	 7.504705762685e9 	 0.83
977 	 294.16 	 36.62 	 2.416600053976e9 	 0.46
978 	 595.61 	 46.0 	 7.72079689847e9 	 1.55
979 	 210.64 	 39.98 	 2.062580510365e9 	 0.12
980 	 568.01 	 39.02 	 5.298037108386e9 	 2.59
981 	 221.18 	 18.42 	 4.59737139713e8 	 3.08
982 	 668.49 	 41.84 	 7.169068841874e9 	 3.2
983 	 435.08 	 43.8 	 5.113306489325e9 	 0.73
984 	 395.78 	 47.78 	 5.535165606446e9 	 0.39
985 	 228.1 	 19.11 	 5.10306550849e8 	 2.92
986 	 233.46 	 39.72 	 2.25639664283e9 	 0.17
987 	 374.92 	 34.14 	 2.67701081653e9 	 1.27
988 	 295.26 	 44.54 	 3.58830644274e9 	 0.21
989 	 389.77 	 27.72 	 1.834760344768e9 	 3.29
990 	 370.19 	 39.18 	 3.481272586942e9 	 0.71
991 	 258.39 	 43.29 	 2.966438558848e9 	 0.16
992 	 262.0 	 46.28 	 3.437735634539e9 	 0.13
993 	 517.34 	 39.04 	 4.830367357089e9 	 1.96
994 	 218.19 	 41.77 	 2.332105949423e9 	 0.11
995 	 410.8 	 41.65 	 4.365609948563e9 	 0.76
996 	 215.6 	 42.05 	 2.335421321538e9 	 0.11
997 	 443.89 	 42.0 	 4.796875272414e9 	 0.92
998 	 408.18 	 41.17 	 4.238360947875e9 	 0.78
999 	 624.34 	 41.35 	 6.539682619583e9 	 2.73
1000 	 216.91 	 27.89 	 1.033620435155e9 	 0.55
