1 	 0.06 	 1.56 	 -8.904615 	 4.358576
2 	 0.1 	 1.54 	 -8.848523 	 4.217009
3 	 0.08 	 1.54 	 -8.864729 	 4.281205
4 	 0.18 	 1.53 	 -8.735796 	 3.986216
5 	 0.19 	 1.64 	 -8.761307 	 4.168201
6 	 0.26 	 1.59 	 -8.596191 	 3.820529
7 	 0.26 	 1.64 	 -8.599331 	 3.945942
8 	 0.26 	 1.61 	 -8.597956 	 3.870359
9 	 0.29 	 1.54 	 -8.455642 	 3.578149
10 	 0.3 	 1.6 	 -8.486919 	 3.691886
11 	 0.31 	 1.54 	 -8.408482 	 3.518192
12 	 0.91 	 0.65 	 -3.191415 	 -3.090559
13 	 0.85 	 0.79 	 -3.222657 	 -2.907928
14 	 0.89 	 0.63 	 -3.114745 	 -3.181764
15 	 0.85 	 0.79 	 -3.224342 	 -2.907494
16 	 1.07 	 0.89 	 -3.774672 	 -1.977386
17 	 1.01 	 0.92 	 -3.767719 	 -2.099682
18 	 0.79 	 0.97 	 -3.769746 	 -2.019622
19 	 0.94 	 0.94 	 -3.756487 	 -2.173321
20 	 1.01 	 0.99 	 -3.907049 	 -1.855239
21 	 0.93 	 0.99 	 -3.904438 	 -1.953617
22 	 1.0 	 1.01 	 -3.954493 	 -1.795933
23 	 0.98 	 0.68 	 -3.48226 	 -2.657512
24 	 0.93 	 0.83 	 -3.487073 	 -2.60803
25 	 0.98 	 0.67 	 -3.448762 	 -2.718139
26 	 0.88 	 0.92 	 -3.633277 	 -2.332664
27 	 1.01 	 0.66 	 -3.571731 	 -2.48687
28 	 0.98 	 0.83 	 -3.572849 	 -2.472248
29 	 1.0 	 0.7 	 -3.533325 	 -2.558668
30 	 0.97 	 0.66 	 -3.424403 	 -2.759756
31 	 0.97 	 0.91 	 -3.72795 	 -2.204466
32 	 0.91 	 0.93 	 -3.692096 	 -2.270539
33 	 0.96 	 0.71 	 -3.399725 	 -2.791053
34 	 0.99 	 1.14 	 -4.318138 	 -1.235779
35 	 0.97 	 1.12 	 -4.303546 	 -1.308017
36 	 0.91 	 1.07 	 -4.208448 	 -1.528168
37 	 0.96 	 1.09 	 -4.222308 	 -1.447688
38 	 0.84 	 1.05 	 -4.141 	 -1.61236
39 	 0.97 	 1.28 	 -4.783697 	 -0.541744
40 	 0.86 	 1.19 	 -4.773874 	 -0.793807
41 	 0.94 	 1.28 	 -4.861415 	 -0.504645
42 	 0.85 	 1.18 	 -4.735458 	 -0.853155
43 	 0.94 	 0.71 	 -3.355985 	 -2.854436
44 	 0.9 	 1.03 	 -4.047743 	 -1.755116
45 	 0.85 	 0.63 	 -2.958421 	 -3.335153
46 	 0.83 	 1.12 	 -4.478857 	 -1.181849
47 	 0.84 	 0.62 	 -2.903387 	 -3.389599
48 	 0.87 	 1.16 	 -4.621883 	 -0.988846
49 	 0.84 	 0.53 	 -2.865 	 -3.414205
50 	 0.86 	 1.17 	 -4.644175 	 -0.962766
51 	 0.83 	 0.57 	 -2.794833 	 -3.489481
52 	 0.83 	 0.5 	 -2.797916 	 -3.444084
53 	 0.7 	 1.53 	 -6.515394 	 1.502043
54 	 0.49 	 1.29 	 -6.501625 	 1.422277
55 	 0.56 	 1.32 	 -6.449591 	 1.239622
56 	 0.69 	 1.46 	 -6.453652 	 1.287884
57 	 0.66 	 1.38 	 -6.312498 	 1.021025
58 	 0.45 	 1.3 	 -6.68848 	 1.683775
59 	 0.67 	 1.37 	 -6.215465 	 0.907943
60 	 0.48 	 1.34 	 -6.838276 	 1.7385
61 	 0.67 	 1.35 	 -6.108937 	 0.779812
62 	 0.79 	 0.63 	 -2.689476 	 -3.527026
63 	 0.75 	 1.19 	 -5.019069 	 -0.489658
64 	 0.79 	 0.5 	 -2.594665 	 -3.612444
65 	 0.68 	 1.23 	 -5.419716 	 0.01664
66 	 0.8 	 1.3 	 -5.409263 	 -0.014942
67 	 0.63 	 1.25 	 -5.732508 	 0.414189
68 	 0.76 	 1.34 	 -5.711766 	 0.340962
69 	 0.7 	 1.27 	 -5.629304 	 0.228349
70 	 0.75 	 1.3 	 -5.582891 	 0.167099
71 	 0.75 	 1.34 	 -5.790729 	 0.43345
72 	 0.75 	 1.3 	 -5.570661 	 0.152919
73 	 0.77 	 0.55 	 -2.503647 	 -3.68554
74 	 0.76 	 1.22 	 -5.157455 	 -0.339462
75 	 0.75 	 0.51 	 -2.372872 	 -3.751155
76 	 0.24 	 1.45 	 -8.305572 	 3.489266
77 	 0.35 	 1.57 	 -8.280469 	 3.38975
78 	 0.26 	 1.45 	 -8.28375 	 3.432156
79 	 0.33 	 1.46 	 -8.080291 	 3.120739
80 	 0.4 	 1.57 	 -8.099532 	 3.186995
81 	 0.42 	 1.52 	 -7.90633 	 2.898403
82 	 0.42 	 1.53 	 -7.949297 	 2.963508
83 	 0.41 	 1.46 	 -7.812038 	 2.770275
84 	 0.37 	 1.44 	 -7.843255 	 2.835318
85 	 0.45 	 1.49 	 -7.707975 	 2.646031
86 	 0.47 	 1.48 	 -7.602428 	 2.519362
87 	 0.47 	 1.5 	 -7.664057 	 2.603445
88 	 0.46 	 1.45 	 -7.532149 	 2.436428
89 	 0.73 	 0.53 	 -2.274218 	 -3.794619
90 	 0.59 	 1.51 	 -7.086717 	 2.000884
91 	 0.56 	 1.44 	 -7.032395 	 1.855488
92 	 0.47 	 1.36 	 -7.05336 	 1.959992
93 	 0.5 	 1.38 	 -6.998256 	 1.850911
94 	 0.56 	 1.51 	 -7.229239 	 2.151468
95 	 0.71 	 1.32 	 -5.826348 	 0.450822
96 	 0.73 	 0.47 	 -2.22811 	 -3.795909
97 	 0.48 	 1.41 	 -7.277679 	 2.154088
98 	 0.72 	 0.5 	 -2.187738 	 -3.829194
99 	 0.71 	 0.54 	 -2.189646 	 -3.821011
100 	 -1.56 	 -0.03 	 6.422148 	 -8.094242
101 	 -1.52 	 0.04 	 6.420418 	 -8.055241
102 	 -1.61 	 -0.17 	 6.234981 	 -7.844108
103 	 -1.48 	 -0.06 	 6.236405 	 -7.924107
104 	 -1.6 	 -0.37 	 5.525766 	 -7.062684
105 	 -1.51 	 -0.31 	 5.544885 	 -7.28033
106 	 -1.24 	 -0.32 	 4.103051 	 -5.635945
107 	 -1.46 	 -0.56 	 4.104431 	 -5.809951
108 	 -1.36 	 -0.46 	 4.122563 	 -5.932952
109 	 -1.24 	 -0.34 	 4.013655 	 -5.583809
110 	 -1.4 	 -0.47 	 4.295276 	 -6.096554
111 	 -1.51 	 -0.66 	 3.798803 	 -5.294947
112 	 -1.26 	 -0.39 	 3.856994 	 -5.529508
113 	 -1.22 	 -0.38 	 3.672569 	 -5.274218
114 	 -1.37 	 -0.44 	 4.311526 	 -6.110758
115 	 -1.4 	 -0.75 	 2.85035 	 -4.542996
116 	 -1.32 	 -0.64 	 2.8685 	 -4.786125
117 	 -1.35 	 -0.79 	 2.434362 	 -4.203769
118 	 -1.26 	 -0.65 	 2.443095 	 -4.446387
119 	 -1.16 	 -0.55 	 2.252552 	 -4.18967
120 	 -1.29 	 -0.57 	 3.122668 	 -5.02938
121 	 -1.34 	 -0.66 	 2.953758 	 -4.827636
122 	 -1.25 	 -0.54 	 2.974242 	 -4.877143
123 	 -1.32 	 -0.71 	 2.543929 	 -4.446759
124 	 -1.29 	 -0.53 	 3.328128 	 -5.202904
125 	 -1.25 	 -0.48 	 3.32032 	 -5.126256
126 	 -1.41 	 -0.41 	 4.626169 	 -6.413987
127 	 -1.34 	 -0.35 	 4.590147 	 -6.298757
128 	 -1.4 	 -0.37 	 4.793951 	 -6.563814
129 	 -1.5 	 -0.47 	 4.725176 	 -6.425275
130 	 -1.46 	 -0.4 	 4.941792 	 -6.705149
131 	 -1.45 	 -0.5 	 4.378091 	 -6.129686
132 	 -1.48 	 -0.34 	 5.254999 	 -7.013789
133 	 -1.26 	 -0.47 	 3.434765 	 -5.231315
134 	 -1.51 	 -0.28 	 5.676747 	 -7.41721
135 	 -1.57 	 -0.07 	 6.371792 	 -8.054227
136 	 -1.49 	 -0.0 	 6.322135 	 -7.977064
137 	 -1.44 	 -0.13 	 5.96158 	 -7.648772
138 	 -1.46 	 -0.12 	 6.019703 	 -7.724236
139 	 -1.43 	 -0.19 	 5.744313 	 -7.457005
140 	 -1.47 	 -0.11 	 6.085512 	 -7.785594
141 	 -1.57 	 -0.21 	 6.073641 	 -7.752041
142 	 -1.25 	 -0.71 	 2.108269 	 -4.150304
143 	 -1.59 	 0.01 	 6.494172 	 -8.115684
