1 	 0.04 	 1.59 	 -8.925324 	 4.439394
2 	 0.11 	 1.6 	 -8.9057 	 4.338311
3 	 0.11 	 1.55 	 -8.869175 	 4.238409
4 	 0.07 	 1.5 	 -8.761191 	 4.188247
5 	 0.14 	 1.5 	 -8.727993 	 4.037655
6 	 0.22 	 1.55 	 -8.678868 	 3.887427
7 	 0.26 	 1.58 	 -8.62011 	 3.836295
8 	 0.29 	 1.6 	 -8.524647 	 3.747097
9 	 0.27 	 1.51 	 -8.450422 	 3.567565
10 	 0.3 	 1.53 	 -8.411918 	 3.514224
11 	 0.3 	 1.49 	 -8.302538 	 3.384897
12 	 0.28 	 1.45 	 -8.235938 	 3.354049
13 	 0.29 	 1.46 	 -8.21926 	 3.309972
14 	 0.36 	 1.53 	 -8.187224 	 3.239376
15 	 0.35 	 1.5 	 -8.169397 	 3.203116
16 	 0.39 	 1.47 	 -7.892294 	 2.866402
17 	 0.4 	 1.44 	 -7.740462 	 2.703739
18 	 0.43 	 1.42 	 -7.564975 	 2.499587
19 	 0.53 	 1.54 	 -7.422925 	 2.410934
20 	 0.58 	 1.55 	 -7.201034 	 2.201905
21 	 0.51 	 1.41 	 -7.141271 	 1.984156
22 	 0.54 	 1.42 	 -7.074164 	 1.898648
23 	 0.55 	 1.44 	 -7.063416 	 1.890489
24 	 0.5 	 1.38 	 -7.009018 	 1.864996
25 	 0.63 	 1.48 	 -6.798343 	 1.660943
26 	 0.54 	 1.32 	 -6.537067 	 1.35226
27 	 0.7 	 1.46 	 -6.409667 	 1.238736
28 	 0.55 	 1.26 	 -6.042647 	 0.887048
29 	 0.81 	 1.49 	 -5.912798 	 0.868723
30 	 0.65 	 1.28 	 -5.841513 	 0.503081
31 	 0.83 	 1.42 	 -5.674686 	 0.483501
32 	 0.75 	 1.27 	 -5.468859 	 0.028769
33 	 0.78 	 1.27 	 -5.342753 	 -0.117778
34 	 0.72 	 1.2 	 -5.16923 	 -0.300246
35 	 0.84 	 1.25 	 -5.035783 	 -0.458756
36 	 0.88 	 1.25 	 -4.941259 	 -0.538688
37 	 0.84 	 1.22 	 -4.925092 	 -0.607918
38 	 0.74 	 1.16 	 -4.901397 	 -0.610639
39 	 0.81 	 1.19 	 -4.897622 	 -0.659479
40 	 0.82 	 1.18 	 -4.799958 	 -0.780065
41 	 0.79 	 1.15 	 -4.726254 	 -0.858966
42 	 0.95 	 1.19 	 -4.552015 	 -0.973982
43 	 0.82 	 1.12 	 -4.513041 	 -1.134178
44 	 0.87 	 1.13 	 -4.46442 	 -1.197082
45 	 0.78 	 1.06 	 -4.258123 	 -1.404199
46 	 0.76 	 1.05 	 -4.179051 	 -1.45458
47 	 0.98 	 1.07 	 -4.137537 	 -1.548472
48 	 0.99 	 1.06 	 -4.092961 	 -1.603079
49 	 0.8 	 1.03 	 -4.082496 	 -1.64152
50 	 0.89 	 1.03 	 -4.053253 	 -1.74868
51 	 0.82 	 1.02 	 -4.013623 	 -1.758027
52 	 0.9 	 1.0 	 -3.947218 	 -1.897089
53 	 0.89 	 0.97 	 -3.837968 	 -2.051505
54 	 0.92 	 0.94 	 -3.734545 	 -2.209397
55 	 0.92 	 0.93 	 -3.726763 	 -2.22065
56 	 1.0 	 0.88 	 -3.68955 	 -2.24384
57 	 1.01 	 0.86 	 -3.681885 	 -2.251458
58 	 0.97 	 0.89 	 -3.666997 	 -2.309414
59 	 1.03 	 0.65 	 -3.613782 	 -2.398264
60 	 1.02 	 0.77 	 -3.601538 	 -2.407856
61 	 0.94 	 0.86 	 -3.555726 	 -2.49587
62 	 1.01 	 0.7 	 -3.551599 	 -2.523175
63 	 0.96 	 0.83 	 -3.534055 	 -2.539173
64 	 0.99 	 0.69 	 -3.515232 	 -2.595053
65 	 0.97 	 0.56 	 -3.463118 	 -2.66909
66 	 0.97 	 0.56 	 -3.456204 	 -2.680714
67 	 0.97 	 0.55 	 -3.452727 	 -2.684148
68 	 0.96 	 0.67 	 -3.397064 	 -2.803177
69 	 0.94 	 0.65 	 -3.311944 	 -2.932532
70 	 0.91 	 0.73 	 -3.274011 	 -2.946082
71 	 0.91 	 0.62 	 -3.172386 	 -3.117187
72 	 0.9 	 0.66 	 -3.157622 	 -3.125347
73 	 0.86 	 0.72 	 -3.075921 	 -3.151607
74 	 0.84 	 0.71 	 -3.012594 	 -3.21718
75 	 0.86 	 0.61 	 -2.96919 	 -3.335126
76 	 0.85 	 0.54 	 -2.922172 	 -3.368489
77 	 0.84 	 0.53 	 -2.869756 	 -3.408994
78 	 0.81 	 0.66 	 -2.824018 	 -3.409089
79 	 0.81 	 0.63 	 -2.747558 	 -3.498286
80 	 0.8 	 0.57 	 -2.657955 	 -3.58878
81 	 0.78 	 0.57 	 -2.54749 	 -3.655053
82 	 0.74 	 0.62 	 -2.418317 	 -3.655721
83 	 0.75 	 0.47 	 -2.352197 	 -3.734947
84 	 0.72 	 0.53 	 -2.196282 	 -3.822282
85 	 0.71 	 0.44 	 -2.089323 	 -3.823871
86 	 0.68 	 0.46 	 -1.947772 	 -3.888611
87 	 0.61 	 0.51 	 -1.659552 	 -3.895364
88 	 0.62 	 0.44 	 -1.585772 	 -3.922825
89 	 -1.2 	 -0.66 	 1.980885 	 -4.070065
90 	 -1.26 	 -0.74 	 2.058983 	 -4.075287
91 	 -1.18 	 -0.58 	 2.182718 	 -4.184065
92 	 -1.22 	 -0.62 	 2.299492 	 -4.324066
93 	 -1.21 	 -0.61 	 2.326846 	 -4.339564
94 	 -1.28 	 -0.69 	 2.359629 	 -4.351778
95 	 -1.21 	 -0.58 	 2.447185 	 -4.419248
96 	 -1.29 	 -0.66 	 2.605894 	 -4.566306
97 	 -1.22 	 -0.57 	 2.626079 	 -4.571942
98 	 -1.24 	 -0.59 	 2.627845 	 -4.594462
99 	 -1.33 	 -0.69 	 2.704236 	 -4.595275
100 	 -1.26 	 -0.6 	 2.722182 	 -4.682952
101 	 -1.31 	 -0.61 	 2.944823 	 -4.869647
102 	 -1.3 	 -0.59 	 3.024137 	 -4.944421
103 	 -1.22 	 -0.46 	 3.190377 	 -4.963876
104 	 -1.28 	 -0.53 	 3.194385 	 -5.078516
105 	 -1.32 	 -0.57 	 3.26915 	 -5.160109
106 	 -1.32 	 -0.56 	 3.3337 	 -5.217568
107 	 -1.36 	 -0.58 	 3.485444 	 -5.337263
108 	 -1.4 	 -0.6 	 3.610096 	 -5.4037
109 	 -1.39 	 -0.57 	 3.654061 	 -5.474556
110 	 -1.3 	 -0.45 	 3.80519 	 -5.59066
111 	 -1.4 	 -0.55 	 3.833968 	 -5.644252
112 	 -1.43 	 -0.52 	 4.135703 	 -5.911637
113 	 -1.33 	 -0.42 	 4.140788 	 -5.912899
114 	 -1.31 	 -0.4 	 4.195408 	 -5.936806
115 	 -1.42 	 -0.48 	 4.30721 	 -6.09748
116 	 -1.38 	 -0.43 	 4.394994 	 -6.192275
117 	 -1.42 	 -0.43 	 4.571138 	 -6.360117
118 	 -1.46 	 -0.45 	 4.64131 	 -6.401989
119 	 -1.44 	 -0.43 	 4.693351 	 -6.472232
120 	 -1.38 	 -0.34 	 4.862497 	 -6.613474
121 	 -1.41 	 -0.36 	 4.872505 	 -6.643063
122 	 -1.45 	 -0.4 	 4.905101 	 -6.675305
123 	 -1.4 	 -0.34 	 4.931892 	 -6.689901
124 	 -1.39 	 -0.33 	 4.995795 	 -6.742958
125 	 -1.42 	 -0.32 	 5.165934 	 -6.926929
126 	 -1.43 	 -0.32 	 5.168637 	 -6.930528
127 	 -1.37 	 -0.24 	 5.304531 	 -6.969574
128 	 -1.53 	 -0.36 	 5.388816 	 -7.086441
129 	 -1.51 	 -0.32 	 5.492728 	 -7.228917
130 	 -1.49 	 -0.29 	 5.534621 	 -7.289665
131 	 -1.49 	 -0.28 	 5.599064 	 -7.352458
132 	 -1.53 	 -0.3 	 5.650832 	 -7.366794
133 	 -1.46 	 -0.2 	 5.780239 	 -7.514455
134 	 -1.42 	 -0.14 	 5.851784 	 -7.517698
135 	 -1.5 	 -0.2 	 5.913769 	 -7.657906
136 	 -1.51 	 -0.2 	 5.943872 	 -7.685932
137 	 -1.51 	 -0.14 	 6.124397 	 -7.854713
138 	 -1.54 	 -0.14 	 6.171708 	 -7.892979
139 	 -1.54 	 -0.13 	 6.226453 	 -7.941587
140 	 -1.49 	 -0.03 	 6.287971 	 -7.963439
141 	 -1.57 	 -0.12 	 6.294928 	 -7.979429
142 	 -1.51 	 0.07 	 6.397974 	 -7.998036
143 	 -1.55 	 0.03 	 6.455847 	 -8.095512
144 	 -1.58 	 0.03 	 6.490473 	 -8.112046
