20
142 125 139 135 174 112 121 160 146 151 101 163 139 131 102 101 196 152 140 113 
160 135 142 134 172 159 184 156 120 166 139 150 134 198 102 126 156 102 175 125 
103 113 109 138 184 106 116 170 153 129 137 174 122 152 153 169 187 128 128 100 
166 197 157 119 187 197 114 156 149 159 166 130 180 105 182 163 143 156 193 171 
193 193 166 157 126 177 168 155 138 161 117 148 136 163 168 120 119 153 112 147 
163 155 102 136 137 150 169 165 197 158 112 199 151 198 149 103 107 118 119 156 
141 118 189 169 108 114 126 166 159 103 152 175 133 128 122 150 168 111 109 154 
103 150 173 192 181 102 121 157 133 166 163 198 198 174 113 148 108 104 110 125 
101 154 165 192 196 110 186 114 198 107 152 158 162 192 165 169 122 167 115 171 
172 163 121 117 165 100 195 112 119 130 190 141 186 170 124 138 192 147 102 174 
156 149 181 179 104 146 164 113 171 184 172 100 112 195 195 115 187 184 124 114 
156 150 165 142 125 113 120 161 142 128 175 181 137 193 146 153 127 119 151 147 
121 124 148 193 184 126 122 197 139 112 126 183 152 126 130 165 168 168 143 190 
195 156 181 153 130 159 129 113 151 159 183 188 157 148 197 171 193 156 116 101 
180 179 120 179 107 102 130 105 131 131 163 168 160 198 148 177 163 152 145 156 
164 139 184 137 142 138 151 108 143 181 198 194 139 148 138 117 134 159 118 136 
184 174 175 150 169 159 187 145 192 106 136 139 128 168 164 140 196 162 161 146 
146 107 199 170 186 194 171 124 118 199 162 173 137 164 187 172 132 149 171 176 
140 150 167 137 177 193 158 138 144 148 173 146 129 150 136 119 122 172 199 155 
137 118 136 196 106 122 189 119 121 180 133 104 113 119 104 183 180 110 121 174 
181 116 131 147 119 164 173 183 122 142 137 170 105 136 173 151 141 149 158 165 
157 195 154 178 153 153 145 171 162 185 167 145 187 148 138 185 123 168 108 176 
191 125 180 109 160 190 103 126 122 189 165 113 114 198 106 169 185 144 152 137 
109 144 122 129 155 185 158 152 172 187 176 132 162 135 144 164 103 157 196 191 
150 152 137 198 103 146 152 183 157 166 193 140 182 155 166 102 148 164 112 190 
190 115 141 135 157 145 109 176 138 101 171 187 192 134 122 127 175 173 163 121 
183 109 160 156 165 137 133 143 173 173 187 172 134 111 103 129 129 154 132 114 
169 169 126 159 166 175 112 170 105 198 195 123 180 149 161 196 162 126 181 196 
172 172 184 170 199 156 115 152 165 127 121 178 102 143 130 104 125 127 108 111 
140 149 123 168 178 192 120 154 154 129 180 184 160 154 169 177 180 153 124 106 
152 150 120 125 199 117 129 131 115 173 179 126 141 136 186 171 113 100 125 124 
109 172 194 174 153 154 197 148 158 196 127 139 193 157 104 192 186 146 130 102 
132 189 112 168 126 125 125 117 176 117 116 166 181 107 182 134 186 118 118 181 
112 195 104 131 185 187 153 105 196 163 142 146 183 170 153 162 134 136 176 117 
184 151 150 180 191 150 142 176 112 133 156 150 125 129 169 110 126 139 183 145 
159 117 153 119 146 188 185 171 194 126 111 131 127 162 192 147 194 139 160 100 
163 152 172 180 158 129 127 143 175 194 122 174 172 151 177 149 168 190 120 145 
163 199 112 157 183 111 197 147 152 104 178 120 109 171 183 182 120 146 196 147 
189 184 171 104 139 164 192 172 184 176 148 110 180 105 196 108 189 154 174 100 
172 103 159 166 129 146 189 190 112 178 114 158 146 174 120 113 130 106 141 114 
