50
161 175 141 107 152 129 157 118 116 123 185 189 146 186 116 120 140 145 124 199 109 187 151 122 182 188 143 120 137 187 160 153 172 125 139 103 143 196 172 139 182 191 110 164 167 153 183 195 132 190 
162 155 198 181 119 157 175 138 163 186 165 193 111 149 158 125 157 121 138 102 159 111 156 151 155 187 180 156 179 152 191 161 106 153 199 136 167 143 106 105 106 161 184 178 155 132 189 172 192 193 
195 137 190 117 177 145 127 155 163 100 178 140 178 151 141 159 179 147 195 177 137 168 187 150 117 143 113 116 166 179 144 165 138 144 165 111 110 179 119 161 136 190 181 172 107 130 165 109 115 195 
120 177 183 196 100 183 191 162 192 169 179 189 190 181 136 133 171 126 186 183 111 187 162 149 195 109 159 187 161 109 180 191 141 146 102 191 159 129 197 107 118 171 131 121 110 149 119 125 137 101 
183 137 141 124 158 129 126 195 120 178 129 130 176 132 133 175 172 166 128 133 182 174 166 169 137 103 163 120 193 117 183 179 197 138 120 120 192 113 154 141 112 151 116 144 165 106 115 197 163 136 
174 129 196 195 119 143 151 174 169 171 191 127 110 142 184 141 193 179 109 175 185 126 161 181 111 148 117 179 111 132 124 130 143 182 162 175 163 161 107 172 112 172 115 196 140 172 150 170 156 150 
191 161 126 150 177 136 187 175 141 117 194 123 170 143 133 165 167 104 124 111 103 112 103 166 126 134 123 150 140 194 136 137 141 175 130 191 195 164 126 132 191 149 155 172 178 153 157 132 135 154 
104 196 116 134 159 142 186 157 179 152 107 131 137 106 115 104 191 171 146 189 193 183 141 189 133 148 197 174 163 113 132 148 166 197 114 149 176 152 179 145 149 104 103 158 110 182 122 168 116 178 
118 174 149 127 157 188 133 130 181 155 134 100 119 197 101 169 133 117 117 148 193 114 172 106 180 184 139 181 168 192 113 178 107 162 159 143 193 183 105 128 151 103 155 113 137 110 118 146 154 173 
192 152 146 139 117 117 112 145 190 166 177 119 132 190 117 183 199 116 180 158 143 136 125 154 149 114 150 177 193 121 183 130 163 120 131 167 193 122 188 147 186 118 154 106 140 182 125 120 140 145 
174 144 181 135 171 110 160 152 166 166 127 154 131 181 181 145 176 154 149 115 137 157 182 163 106 199 127 129 161 177 137 138 127 189 140 171 181 196 185 166 167 132 163 142 116 103 144 102 114 187 
177 182 123 150 103 128 116 152 107 183 171 103 151 193 181 108 142 198 136 124 167 189 114 106 135 183 196 188 115 129 154 113 110 184 154 114 109 151 147 171 144 122 153 198 167 184 170 121 155 133 
139 193 112 129 174 126 191 194 139 115 191 160 168 183 149 117 194 186 148 103 105 136 156 147 173 144 161 130 149 160 124 182 198 183 136 191 199 185 117 105 170 105 168 114 103 140 106 189 155 181 
155 182 116 189 113 115 164 130 182 168 184 171 115 154 197 148 174 168 191 185 160 166 183 162 183 119 167 190 112 135 138 139 106 109 187 150 130 158 167 164 134 143 189 142 184 137 196 172 106 126 
140 101 170 126 112 165 179 167 156 177 130 136 158 126 182 140 189 174 195 128 116 187 157 132 179 162 188 113 167 167 159 116 198 141 120 128 126 143 165 126 105 139 133 100 181 178 102 102 167 163 
175 145 133 136 193 185 131 140 199 107 125 151 197 130 130 136 121 103 123 142 192 116 119 144 149 172 129 133 114 133 146 152 142 136 112 167 135 139 137 133 101 130 111 169 168 123 179 193 123 187 
161 126 167 198 155 149 181 128 199 143 130 128 172 158 143 176 101 160 152 171 183 120 182 150 188 162 102 153 194 174 110 197 130 128 155 161 162 183 177 180 174 146 158 159 162 145 159 167 189 183 
182 137 120 118 149 149 118 142 199 121 131 198 192 131 169 110 174 140 173 133 110 196 173 127 178 140 197 171 112 149 180 175 160 193 137 112 180 168 168 172 106 156 104 152 110 120 196 102 194 115 
158 177 169 110 164 148 101 164 137 193 199 195 118 193 171 115 163 173 164 112 143 171 185 162 136 116 182 115 148 155 144 182 150 152 198 177 104 132 121 128 169 199 187 176 161 127 171 131 164 122 
152 189 112 159 161 144 172 101 127 128 142 120 109 102 198 108 157 136 172 110 145 125 150 131 143 126 165 106 155 159 191 187 199 106 164 169 167 159 131 160 108 123 132 110 148 113 183 144 109 156 
127 148 109 187 115 189 151 198 191 101 131 198 189 179 122 106 106 143 193 112 130 153 102 143 172 130 148 146 167 185 197 173 145 145 156 162 172 114 119 185 134 189 120 169 186 172 101 198 128 111 
144 160 140 138 149 117 145 137 110 115 111 173 122 165 100 110 184 184 183 146 106 167 113 137 130 174 197 104 121 107 125 187 142 128 195 153 167 168 134 184 180 103 113 147 147 136 105 156 144 123 
197 115 152 132 173 161 117 141 171 165 180 129 144 127 101 161 162 125 164 177 163 194 175 106 143 160 185 180 153 173 161 171 154 178 183 132 159 160 139 152 138 173 167 186 136 146 136 159 151 123 
151 101 196 156 121 189 191 112 118 102 102 112 137 102 163 148 137 181 121 181 168 142 182 108 135 132 171 140 192 122 167 106 188 199 134 121 190 165 142 141 198 154 193 193 141 187 120 149 174 176 
171 101 146 105 117 109 127 137 156 107 113 147 124 170 105 177 144 150 199 156 117 142 181 114 121 122 137 128 152 192 105 155 102 140 194 160 109 143 118 170 152 159 133 128 106 161 164 185 155 135 
110 113 143 144 124 108 148 187 162 123 175 124 181 186 122 149 159 156 179 183 143 196 102 168 146 160 164 179 147 111 190 149 179 103 118 157 193 171 101 194 174 194 163 118 147 139 116 104 128 105 
145 102 159 128 169 138 185 165 129 196 109 152 143 133 121 123 106 186 145 162 119 189 161 119 109 120 149 195 125 197 127 136 123 125 174 170 133 180 100 157 102 125 147 193 107 175 128 127 190 143 
187 146 103 189 134 169 193 185 109 118 185 162 108 104 162 169 132 180 168 161 135 117 179 197 161 177 141 131 175 197 111 149 176 194 172 126 100 106 144 165 138 169 110 142 125 166 181 133 136 126 
198 129 112 120 164 123 186 193 117 114 180 139 112 189 149 115 131 116 170 144 100 134 159 103 126 138 185 100 159 116 180 127 188 192 113 153 124 175 193 199 118 132 118 139 125 114 106 163 109 188 
181 120 103 124 159 102 152 122 150 165 145 150 161 177 161 159 169 194 106 150 101 100 146 144 102 121 189 163 198 118 128 198 119 177 131 154 123 100 160 198 161 185 166 114 122 112 136 147 147 173 
110 135 105 141 171 116 141 187 152 137 195 140 191 173 114 124 146 131 132 174 117 182 102 131 149 144 190 108 168 133 198 117 141 165 165 187 111 120 108 167 154 120 103 148 108 120 183 179 192 109 
151 187 112 117 105 176 169 183 164 156 188 111 123 184 185 124 197 165 168 172 131 117 120 196 128 111 155 164 177 135 129 107 119 193 181 106 121 185 181 160 120 188 109 141 164 172 194 130 174 108 
171 113 106 197 116 127 142 195 178 128 101 149 117 195 131 105 155 184 188 188 164 172 112 151 138 153 146 155 190 184 123 130 172 197 150 136 161 113 182 179 121 118 102 179 102 149 149 129 152 188 
192 196 166 135 134 157 104 127 174 197 105 148 110 167 195 194 139 123 108 165 136 111 198 112 174 144 179 161 162 118 174 133 141 147 173 193 178 144 144 177 101 111 166 108 118 136 107 137 172 194 
148 162 132 146 180 144 118 196 147 108 101 170 150 127 135 123 132 100 148 167 151 180 188 156 148 152 107 150 113 180 104 132 170 140 134 117 110 165 118 119 157 134 182 148 184 165 166 163 116 183 
140 159 154 180 182 108 179 117 186 103 140 118 192 107 170 101 103 155 191 145 129 125 100 162 173 167 100 145 107 108 137 141 151 131 131 147 195 135 137 189 196 139 101 164 150 184 115 121 151 150 
112 115 127 122 139 153 143 104 175 189 141 121 185 117 185 194 171 124 176 142 182 123 112 182 197 170 197 104 199 118 173 168 144 184 172 146 144 120 111 106 132 165 168 117 180 175 177 138 151 137 
171 180 150 198 149 112 170 125 175 184 128 123 158 127 188 148 124 168 107 123 195 169 159 125 117 145 164 134 108 102 119 148 127 146 192 113 123 197 152 182 105 118 115 117 114 100 196 179 168 154 
163 150 134 100 108 128 171 130 181 165 107 124 190 122 140 186 108 171 188 194 177 110 113 170 155 124 184 193 112 165 103 121 115 185 188 117 137 184 133 125 139 130 135 188 180 141 158 144 131 191 
137 175 140 168 116 118 177 115 103 149 152 164 104 157 187 112 158 180 105 174 162 115 168 148 115 117 111 155 174 134 121 116 148 189 119 116 196 115 129 152 107 182 154 173 184 100 170 161 151 162 
156 125 164 140 138 161 156 194 175 192 113 171 178 167 186 122 132 154 161 186 162 140 114 172 160 190 133 182 173 128 183 103 164 166 197 145 130 117 119 142 122 152 155 108 126 110 138 160 153 158 
194 128 170 109 115 180 136 115 169 191 163 147 185 175 116 159 150 153 101 102 134 104 110 145 143 101 147 101 182 121 128 154 155 137 185 105 118 158 141 111 169 117 194 195 134 172 153 110 164 125 
194 139 114 195 101 139 156 196 167 161 120 159 182 128 118 189 118 131 165 192 182 178 107 155 193 192 193 111 114 150 180 137 193 160 194 192 126 144 159 139 107 192 171 176 128 108 164 190 103 164 
185 150 179 107 107 136 131 188 139 155 132 133 178 179 103 178 119 163 103 161 191 188 111 130 170 172 157 134 192 161 159 102 103 166 165 138 166 198 162 155 130 125 186 131 106 182 113 164 175 105 
112 158 133 158 140 159 174 165 132 159 118 106 138 140 155 132 188 191 112 173 199 181 199 107 109 113 184 174 175 128 131 152 109 113 158 152 130 138 167 188 101 172 146 199 189 126 118 127 181 122 
125 133 114 146 107 179 121 117 116 121 178 129 160 119 198 171 165 144 103 136 148 159 191 179 153 124 111 187 156 177 157 137 194 129 120 160 145 148 115 110 108 149 184 112 136 178 129 136 157 146 
175 197 165 136 176 109 158 143 179 117 113 163 112 188 161 191 117 112 127 119 199 155 177 178 167 188 162 145 163 176 104 100 117 160 103 196 143 113 121 191 192 137 122 109 127 127 179 195 138 130 
151 100 160 104 160 134 148 126 102 144 153 139 131 161 122 120 159 155 148 148 157 101 118 114 132 106 142 105 132 184 158 177 128 189 110 115 142 178 148 147 144 198 173 199 163 179 170 192 161 114 
146 170 192 156 196 121 199 167 100 120 170 128 174 153 151 190 129 186 187 112 177 199 105 185 142 154 141 113 184 189 187 146 158 194 170 140 127 177 195 163 171 116 158 174 134 177 135 117 122 177 
156 160 172 149 149 185 146 140 132 130 122 195 172 171 135 104 173 143 169 170 154 162 145 116 150 168 174 162 191 166 143 142 153 100 125 194 170 182 199 144 119 175 124 173 145 185 170 147 156 152 
105 151 167 199 149 173 149 115 175 161 173 176 127 192 144 162 105 185 166 176 170 108 149 168 186 114 134 160 168 145 168 113 196 174 171 169 191 165 186 126 113 190 122 177 135 142 130 184 147 135 
185 150 158 131 175 109 177 172 179 134 155 168 140 117 124 120 166 140 137 149 186 147 184 174 189 108 134 199 136 106 178 188 133 152 196 139 172 112 157 157 160 190 137 132 127 174 194 188 135 138 
164 177 194 101 106 198 166 102 141 110 118 110 125 141 178 119 153 179 122 172 180 109 171 152 116 124 162 156 165 192 130 112 152 138 184 184 150 186 132 165 196 175 114 127 128 157 155 116 194 152 
170 174 142 161 129 121 174 125 116 101 164 120 121 169 152 151 131 124 122 153 130 186 101 158 155 137 100 146 140 148 110 170 167 141 148 135 125 132 157 123 128 146 159 181 160 125 128 129 177 108 
195 153 105 190 138 126 161 127 173 176 103 196 181 168 169 191 179 183 115 139 102 154 104 184 152 121 182 118 177 145 120 197 135 122 171 106 136 195 181 136 183 125 169 195 104 174 161 104 132 196 
197 118 143 107 105 192 164 193 119 103 196 121 115 140 198 155 163 129 187 172 105 121 189 172 133 101 101 148 148 155 158 195 171 100 140 189 194 130 124 143 142 144 103 198 130 167 106 127 167 156 
163 173 150 157 145 110 148 182 183 168 163 165 174 112 149 108 192 164 132 189 168 135 166 191 152 195 150 132 174 114 121 149 121 131 133 136 193 105 182 194 113 102 105 171 183 185 184 128 156 139 
147 160 168 136 175 129 190 183 118 146 170 107 160 128 116 171 168 149 176 157 174 136 165 135 110 155 158 153 165 176 122 168 133 183 152 161 195 152 151 147 161 185 111 175 137 127 131 145 166 100 
164 157 154 108 114 103 176 178 169 112 166 149 106 115 152 194 188 170 147 153 157 125 184 160 191 162 137 122 166 134 145 143 116 106 157 148 120 118 172 193 108 191 140 196 183 183 140 105 144 145 
101 115 104 164 117 182 103 183 176 197 135 194 128 155 191 189 109 128 128 121 105 152 153 196 193 181 131 128 173 141 195 176 100 112 118 135 129 123 195 133 170 139 115 122 139 144 163 131 106 166 
160 101 143 158 117 110 177 106 149 103 117 198 187 102 144 168 178 105 193 153 160 133 187 156 120 142 162 177 172 111 123 129 140 144 198 196 127 134 156 146 137 134 194 102 162 181 183 117 192 103 
140 199 111 142 164 109 120 102 102 131 184 129 160 132 184 144 178 128 134 177 145 179 107 191 170 115 186 163 186 173 142 153 122 121 105 170 101 179 150 140 166 184 133 144 173 193 180 106 131 133 
148 118 171 159 161 131 195 136 118 190 154 140 142 113 136 162 117 139 115 111 105 184 139 137 112 181 161 103 106 141 137 153 149 117 117 112 147 110 148 188 129 126 112 101 160 132 195 156 137 194 
156 114 193 158 110 106 126 133 164 183 110 179 106 107 134 131 102 161 148 123 112 162 122 143 169 153 161 195 192 116 195 100 175 103 183 102 150 197 131 161 134 167 153 184 141 141 146 119 109 157 
144 112 162 192 114 171 164 199 178 159 132 189 105 102 170 174 121 111 178 113 175 125 144 156 113 101 171 186 143 149 131 103 116 114 109 177 140 164 182 151 130 173 193 143 106 172 117 137 160 121 
199 148 172 127 127 137 119 100 113 192 108 198 103 142 141 114 173 195 133 118 118 188 172 134 158 106 151 165 178 112 158 137 105 187 171 123 145 154 103 152 103 198 135 140 147 160 134 187 103 141 
106 150 195 139 105 188 112 117 166 190 134 133 147 199 171 150 128 155 160 135 139 186 188 194 163 198 143 129 191 103 141 106 187 180 181 126 111 144 170 134 112 195 160 133 147 168 142 153 146 129 
146 104 175 143 112 113 145 164 163 115 124 111 140 112 180 118 123 132 193 196 185 158 196 155 124 156 194 116 163 131 153 167 188 193 126 133 168 100 100 123 198 198 144 117 131 169 190 105 134 151 
152 125 197 110 180 143 159 144 167 131 123 110 123 179 116 102 187 197 187 153 150 180 184 143 171 141 169 170 105 179 117 140 175 175 185 119 127 122 188 174 127 192 115 134 145 118 163 181 115 108 
176 152 161 134 117 144 139 117 123 104 144 127 183 165 141 121 155 133 111 121 137 108 132 199 146 189 102 136 168 162 196 174 160 139 169 198 195 135 195 110 112 116 161 197 115 127 134 180 187 187 
101 188 165 107 121 138 184 103 189 117 179 196 117 195 181 188 151 163 184 126 125 106 159 149 180 166 156 172 135 178 175 103 132 184 155 136 199 101 193 119 104 151 150 176 168 195 152 131 178 116 
174 165 132 134 104 150 159 116 191 105 112 182 136 117 160 111 194 144 119 120 134 125 190 152 185 137 156 113 137 123 154 164 132 104 147 163 114 169 177 177 115 170 114 160 183 144 179 191 186 110 
136 150 169 137 143 188 187 182 122 100 145 118 182 105 153 177 123 142 113 197 114 156 122 176 140 182 177 114 116 143 172 186 108 120 128 169 169 112 122 110 168 115 144 198 133 178 105 121 142 158 
132 154 190 192 144 154 162 117 100 181 121 183 138 142 199 154 171 196 161 161 199 172 193 121 188 189 141 172 153 167 174 178 105 177 193 127 145 168 187 193 197 199 161 103 158 108 194 184 116 173 
168 146 138 173 135 176 174 170 120 130 115 125 157 104 147 108 192 175 195 185 100 150 101 165 169 169 121 181 192 193 125 130 159 144 142 183 141 181 179 161 197 141 172 139 103 176 180 178 166 191 
149 147 129 131 109 184 150 120 109 164 117 110 155 187 127 153 168 176 130 142 163 171 180 139 146 189 185 101 149 176 103 112 161 123 102 110 176 161 150 184 140 157 146 184 175 147 150 112 125 178 
131 117 171 199 178 198 171 165 134 177 103 171 144 174 157 131 133 149 139 134 120 190 195 144 119 159 170 185 131 129 146 135 120 192 138 169 120 167 157 170 178 106 153 183 133 117 186 187 125 140 
195 114 189 121 153 136 101 148 114 164 132 182 145 178 199 129 173 132 141 147 125 144 151 150 186 111 142 131 155 125 115 182 175 124 103 169 139 142 107 140 161 144 121 166 185 122 143 139 161 170 
159 181 178 113 142 141 186 143 174 135 146 117 191 147 131 126 152 167 189 117 107 127 143 147 121 102 158 140 115 183 180 114 131 126 189 185 129 128 183 161 151 166 156 145 197 123 185 119 168 154 
144 132 170 192 102 177 152 151 151 144 138 122 186 191 133 134 153 132 199 165 161 191 135 128 113 194 121 125 198 123 173 178 156 156 156 181 197 194 108 122 120 172 191 139 144 104 169 162 100 150 
117 126 109 119 120 177 183 133 106 185 136 134 166 147 159 104 146 156 147 136 117 148 106 122 173 162 136 148 154 174 161 144 188 100 129 156 121 188 172 112 119 171 131 187 127 143 168 147 109 132 
116 120 106 154 122 156 187 160 139 150 135 130 178 124 160 155 102 158 145 145 181 139 166 181 118 178 100 124 134 189 163 131 145 181 100 156 195 196 167 186 172 152 111 142 167 123 159 143 167 108 
176 163 151 129 196 127 154 130 142 133 139 139 178 104 138 121 101 149 142 177 164 117 110 154 172 108 155 142 101 101 113 173 198 114 126 126 144 103 134 141 197 172 172 184 134 181 191 131 172 193 
143 164 104 143 188 141 133 196 140 182 103 131 151 101 150 173 177 171 137 147 128 170 160 178 134 162 160 166 161 171 154 174 189 111 169 162 114 110 175 171 103 195 146 187 158 179 192 113 147 172 
182 118 104 101 117 123 196 170 123 155 179 104 173 185 127 117 174 170 121 148 114 160 182 138 170 150 180 170 125 166 127 102 136 174 146 194 130 166 156 183 119 114 100 108 194 167 199 140 124 194 
134 102 199 177 148 190 141 161 199 175 115 173 180 189 162 188 125 163 139 128 120 128 154 116 155 129 170 148 174 191 139 100 146 178 112 158 126 167 190 132 153 143 132 194 129 183 104 181 167 188 
189 187 186 194 102 111 167 138 182 120 111 190 131 157 119 146 155 197 197 133 142 188 188 186 104 132 110 189 170 106 104 104 195 119 196 180 191 190 185 167 159 138 144 118 130 189 155 121 187 153 
149 147 118 154 186 160 197 104 160 186 165 107 130 156 174 142 132 128 198 194 120 191 168 144 153 100 163 141 146 112 162 168 172 113 179 150 107 152 117 184 193 122 104 106 131 167 106 143 161 196 
148 174 177 190 125 105 184 198 121 128 187 164 123 128 177 100 117 187 191 182 178 130 150 147 168 177 100 179 160 116 143 149 108 143 172 184 108 169 146 139 143 185 174 110 133 198 139 160 104 186 
135 185 143 130 116 129 146 174 194 157 148 141 111 140 155 162 131 189 127 114 113 149 125 171 140 134 143 126 194 164 116 128 198 126 130 154 101 166 189 113 156 133 100 191 140 127 166 188 133 126 
117 167 180 101 146 116 170 174 171 146 148 190 156 183 164 107 166 158 104 187 161 170 139 196 136 110 133 127 197 151 197 123 130 137 141 146 130 162 165 182 107 111 187 125 116 132 149 122 113 158 
183 149 167 174 128 156 109 141 169 119 100 136 130 150 198 191 103 167 182 193 127 166 164 157 178 160 162 135 113 174 112 148 117 195 178 130 124 148 132 126 182 142 178 180 121 169 198 185 153 154 
182 145 156 178 139 146 111 120 134 136 108 129 101 147 172 162 128 173 136 118 137 137 123 147 120 177 177 197 106 197 136 189 129 166 190 192 124 196 136 179 167 117 144 158 181 117 195 112 141 100 
129 191 185 198 115 196 191 164 127 116 102 109 173 184 189 197 162 115 193 197 113 122 159 159 139 172 110 174 182 162 185 118 185 129 176 118 140 168 139 165 192 140 131 122 144 166 160 186 172 102 
179 155 178 193 116 131 148 117 149 188 165 198 140 158 161 191 156 183 117 186 193 164 135 142 116 154 188 111 144 145 146 106 111 144 172 166 126 153 185 156 130 137 124 138 164 181 100 156 195 105 
174 156 182 169 180 191 196 167 120 197 116 107 110 155 128 193 126 170 187 188 103 135 150 166 179 153 143 149 191 115 131 157 136 166 165 183 141 109 161 160 199 157 189 196 181 186 119 185 157 138 
125 108 105 188 183 113 102 112 177 155 162 122 104 174 195 196 174 193 127 166 134 175 170 158 132 126 121 145 108 155 165 147 109 199 185 125 133 194 107 181 152 147 138 157 166 125 176 184 173 123 
191 189 164 188 129 171 186 104 146 136 159 193 194 146 197 159 176 132 156 148 104 107 137 158 170 122 196 122 191 131 115 102 110 183 115 100 166 160 167 120 184 125 122 194 103 174 171 148 143 138 
169 124 173 124 175 164 109 159 190 194 196 119 104 182 101 193 135 185 174 199 183 155 131 175 192 147 113 138 117 152 112 165 128 117 126 148 176 199 116 142 142 195 196 143 195 146 119 137 141 153 
140 194 136 148 183 130 193 131 159 197 160 117 182 173 188 174 192 164 133 174 122 145 154 193 144 178 188 144 130 176 122 132 158 154 133 122 123 192 193 160 117 157 141 178 153 123 159 173 195 145 
