10
41 43 46 11 29 45 2 36 28 21 
35 42 47 16 28 33 24 49 24 0 
33 48 12 30 49 17 33 19 31 14 
40 20 2 18 22 32 49 7 49 33 
15 0 8 23 32 13 31 42 25 24 
36 41 15 38 7 32 8 33 1 9 
21 9 36 46 46 36 47 39 15 7 
37 40 12 20 16 43 44 30 33 8 
12 24 9 4 41 30 32 49 7 28 
44 47 32 1 34 34 30 26 13 33 
9 2 49 2 43 33 14 20 37 29 
29 19 1 3 18 5 0 19 20 42 
38 35 8 8 39 35 30 9 4 38 
38 19 35 39 45 2 8 12 33 24 
9 4 46 18 26 29 3 8 49 32 
30 13 18 12 34 33 40 43 49 45 
35 8 7 35 10 13 0 28 18 5 
35 24 33 18 34 26 34 37 26 21 
39 35 7 2 19 37 31 0 23 9 
41 30 45 10 48 31 43 7 19 6 
