50
19 8 29 31 2 4 35 47 48 33 10 46 21 9 31 36 31 9 25 27 45 23 28 7 11 43 47 38 39 31 23 25 28 36 43 23 22 12 21 10 14 4 31 29 11 4 12 35 39 17 
12 14 40 22 37 35 34 22 24 9 33 10 1 48 26 28 35 49 42 9 9 36 26 41 11 36 33 17 31 17 17 24 6 1 9 24 40 37 9 14 8 38 39 22 18 22 45 36 47 19 
29 42 12 18 3 5 8 47 42 6 10 7 25 30 25 30 39 43 39 37 40 47 34 36 38 44 38 28 40 30 45 8 29 48 42 2 24 44 29 6 13 42 24 23 26 23 44 17 37 1 
30 30 44 14 25 4 10 13 39 29 9 18 36 46 43 47 29 5 16 27 43 14 24 21 38 9 26 16 28 44 49 49 37 4 8 9 32 48 41 40 44 45 44 37 17 4 20 8 41 37 
22 15 10 23 31 45 7 41 13 46 35 17 44 35 21 38 32 17 21 42 27 40 33 30 8 24 42 29 23 41 4 15 37 28 39 18 26 10 48 33 27 6 17 40 49 24 2 33 31 17 
1 23 36 38 25 31 46 23 48 38 20 20 43 45 45 20 32 33 38 42 27 9 9 37 48 29 3 7 29 38 48 45 18 24 27 42 33 12 4 42 33 17 5 7 47 44 41 32 8 16 
40 15 25 12 27 11 9 11 12 25 44 47 35 17 44 45 17 15 22 1 31 45 32 11 26 4 49 15 2 1 34 24 12 3 44 41 22 4 42 21 18 24 7 9 6 16 34 46 1 45 
26 46 5 25 49 48 18 42 41 7 40 6 41 22 42 26 26 30 47 26 28 17 15 19 48 46 30 41 43 15 27 42 49 44 40 34 20 31 47 24 9 14 10 47 16 19 45 43 26 37 
40 38 10 24 1 4 3 30 9 47 42 24 26 9 41 22 24 19 30 4 3 6 14 12 1 20 22 31 47 39 36 28 15 20 7 37 19 40 43 6 31 29 40 9 9 13 45 32 6 48 
24 1 38 23 35 3 48 40 18 31 24 24 34 16 49 20 43 2 41 32 25 32 37 18 33 46 7 12 11 40 17 34 9 8 32 46 48 45 49 13 33 20 33 14 24 7 45 16 11 27 
30 18 45 5 36 16 23 15 12 38 29 3 28 9 27 43 38 22 33 11 2 41 7 43 21 23 49 7 15 9 14 47 43 11 24 46 40 23 30 36 33 31 7 48 7 40 48 36 38 26 
21 42 31 15 29 27 16 8 16 1 32 17 12 30 7 43 33 9 42 49 43 12 49 2 17 9 23 39 26 16 36 22 38 33 36 1 41 28 41 47 1 3 6 43 3 33 24 30 26 14 
26 23 22 21 6 17 43 9 14 17 32 43 1 46 27 4 8 10 42 40 17 3 34 14 38 48 39 37 30 45 20 1 38 12 9 15 49 26 38 34 34 39 43 11 4 46 12 14 9 30 
9 39 41 37 49 14 42 14 18 30 35 13 14 9 5 48 6 7 12 48 5 4 48 41 8 20 33 15 34 10 48 14 38 43 25 3 7 10 28 32 15 40 11 31 20 48 20 1 32 15 
31 3 2 27 31 11 35 13 43 24 31 40 19 22 34 23 12 18 21 20 2 32 27 25 28 15 24 26 18 5 20 18 26 14 14 37 30 43 40 20 26 13 8 40 39 45 10 16 3 43 
26 17 42 27 49 29 38 37 36 1 46 4 27 15 18 21 22 4 49 16 28 34 33 31 33 31 8 39 1 39 20 11 40 26 6 29 9 29 5 25 37 38 33 2 24 20 44 24 16 12 
45 23 19 41 30 8 41 38 48 49 26 11 36 12 35 43 35 24 4 19 3 46 9 44 19 44 13 2 1 17 38 49 24 35 26 10 6 47 25 47 31 35 37 8 13 1 18 17 22 22 
4 29 24 43 32 40 32 7 38 36 49 14 37 10 41 21 40 25 30 48 40 24 16 2 11 10 14 15 24 42 41 32 29 32 46 16 36 2 7 15 32 48 38 49 35 22 3 20 26 24 
29 19 49 42 1 37 32 38 48 7 12 16 46 49 21 35 13 8 6 32 3 27 38 34 49 4 29 32 11 34 46 42 3 41 30 30 30 12 18 33 44 25 13 41 42 35 33 34 3 15 
26 35 40 27 29 46 2 39 22 30 9 25 15 8 28 44 40 48 22 35 47 47 32 33 49 40 10 12 21 33 16 5 15 47 37 36 12 18 46 7 43 22 36 21 48 12 33 38 3 18 
25 20 32 22 26 5 8 39 31 22 13 47 37 22 28 35 2 27 7 36 15 20 4 20 3 30 20 34 30 38 39 40 46 34 37 23 13 35 6 11 43 36 35 22 47 13 4 47 37 39 
45 11 47 35 1 47 44 39 1 21 7 22 27 8 36 23 36 30 35 11 8 40 18 4 45 32 30 9 14 28 43 49 9 41 37 45 18 37 38 30 49 39 42 39 31 24 45 24 1 33 
14 44 34 15 8 26 27 27 26 18 37 32 2 17 41 24 38 22 24 22 35 33 33 34 1 22 21 10 36 40 6 18 24 25 22 34 17 30 26 14 3 29 49 21 18 12 30 35 2 1 
8 5 13 9 44 35 28 25 30 47 19 30 8 45 37 24 3 36 7 8 16 25 16 10 48 38 26 11 34 28 39 10 37 33 29 30 46 22 41 1 5 10 4 19 7 3 42 19 4 37 
18 7 34 43 6 2 14 38 2 9 33 25 36 44 17 4 12 10 45 30 1 35 16 21 15 33 16 29 17 22 43 34 7 33 44 49 8 12 1 19 17 5 12 40 2 8 37 26 29 34 
22 35 25 48 44 49 24 4 14 11 8 41 25 43 40 23 39 42 25 41 22 33 8 1 45 1 9 43 7 11 26 22 19 20 43 4 34 29 7 39 6 43 18 25 16 35 24 41 18 21 
29 39 30 2 12 41 42 13 31 44 28 40 19 48 48 19 15 12 42 8 3 22 1 10 26 20 36 20 43 12 7 21 11 40 34 1 30 20 22 47 39 3 1 10 4 32 31 2 5 16 
5 22 10 48 4 48 43 6 22 21 18 25 2 40 47 23 49 17 44 11 4 20 5 41 2 14 15 12 34 38 37 39 33 6 16 38 6 4 42 29 20 14 21 41 44 24 44 1 38 12 
22 46 23 36 38 34 3 6 4 2 4 20 25 26 11 6 4 32 14 1 8 19 37 4 47 41 37 31 36 38 18 12 4 5 27 40 7 11 33 21 26 7 4 38 45 14 22 31 37 6 
9 44 6 23 31 5 5 35 44 47 13 2 14 42 3 24 39 28 21 25 13 41 23 25 34 37 16 49 15 39 27 30 26 7 38 6 29 18 49 9 46 27 22 46 40 41 39 9 31 28 
39 43 19 24 47 48 33 22 27 14 15 9 44 7 24 18 36 49 2 33 38 27 21 8 35 16 13 43 14 41 26 34 29 42 22 31 23 43 7 31 9 19 44 1 8 15 46 9 44 49 
13 31 14 22 13 14 12 49 48 14 32 27 16 29 5 49 40 7 37 13 29 40 46 33 12 8 1 36 10 35 5 48 23 30 1 44 11 31 30 49 38 6 44 39 41 16 26 11 19 46 
24 5 36 23 48 12 6 47 18 16 28 38 18 17 12 7 10 29 45 22 1 5 5 26 43 4 15 27 37 12 14 13 28 20 26 2 20 39 13 30 28 38 2 6 15 36 40 3 33 2 
13 15 32 37 29 24 9 46 27 35 15 37 31 17 47 29 8 14 20 37 12 33 27 27 34 3 36 44 19 48 7 20 25 12 8 13 31 36 29 41 2 31 32 10 49 29 38 45 25 25 
22 24 39 17 38 5 29 13 34 49 34 7 47 31 13 39 49 3 22 45 38 8 36 46 37 17 5 28 26 13 31 21 34 7 27 30 25 21 13 5 42 13 24 27 44 16 2 40 42 28 
32 5 7 43 11 30 49 41 19 39 48 30 12 1 13 20 24 38 26 39 41 6 49 22 47 32 12 6 1 21 19 30 2 5 2 2 12 13 31 24 9 12 44 38 20 10 12 11 1 10 
41 43 34 15 4 8 10 5 11 9 38 26 43 12 14 1 24 14 10 36 32 23 49 3 23 49 37 14 11 2 38 5 6 8 18 31 36 44 37 16 38 11 48 13 6 15 44 26 1 27 
3 39 44 42 45 5 17 37 44 17 38 19 27 34 24 3 26 45 29 43 28 26 7 32 32 31 40 15 43 36 31 23 44 36 48 30 5 27 37 1 9 15 5 4 23 5 19 32 1 14 
18 21 40 21 20 27 28 18 21 49 21 35 48 10 13 8 29 22 2 31 5 22 17 24 18 16 16 8 5 17 29 9 8 14 47 25 4 39 21 20 6 3 30 42 12 25 13 35 12 25 
13 48 8 42 23 48 11 8 36 33 42 6 14 9 23 33 17 11 39 28 43 33 3 44 3 15 27 30 31 22 19 9 25 28 33 47 35 32 14 26 22 1 1 21 15 29 49 1 35 4 
22 1 31 20 47 13 4 39 29 27 15 33 39 36 5 7 33 19 28 46 26 8 8 28 3 18 5 31 33 29 26 6 4 38 4 38 49 39 31 33 15 13 32 43 19 13 2 32 20 26 
9 49 21 24 33 42 12 21 46 21 44 24 3 47 48 33 39 12 15 2 7 43 41 4 7 6 36 7 30 25 21 26 43 33 1 45 4 31 39 21 2 36 10 47 35 30 35 6 20 22 
29 4 37 26 32 14 23 33 44 15 17 13 12 35 20 48 15 1 5 35 18 40 37 40 11 30 39 35 41 9 31 49 28 43 31 39 49 46 7 33 29 47 43 36 40 6 17 6 48 18 
5 46 34 37 7 9 22 28 30 41 18 28 19 17 34 29 18 14 48 45 30 33 12 35 49 11 36 9 36 28 42 3 29 8 24 41 24 35 39 20 38 47 34 8 19 41 37 39 20 25 
28 3 48 14 8 38 46 4 27 24 46 12 43 31 41 45 5 39 14 24 45 1 7 38 16 46 3 13 18 6 37 2 30 31 27 29 31 12 19 30 30 48 43 23 49 33 12 38 18 33 
23 6 35 33 26 29 22 1 26 28 44 28 12 30 34 41 42 48 10 14 15 13 36 14 10 40 14 47 6 9 6 37 10 18 19 6 28 45 19 31 27 13 9 8 14 2 20 38 38 40 
10 11 7 43 37 19 8 15 20 22 19 30 40 31 4 25 17 44 45 29 32 44 13 42 29 39 3 49 46 27 46 2 25 21 20 30 49 38 38 46 35 10 4 15 8 19 9 15 17 14 
5 32 25 33 2 17 16 46 19 47 17 17 28 5 11 41 42 23 47 47 35 3 2 47 17 11 27 2 33 9 20 41 29 5 10 37 13 24 22 19 42 37 3 19 38 22 1 9 38 49 
13 29 42 34 34 22 32 28 8 20 41 7 42 46 30 11 32 49 18 32 27 40 16 40 11 4 22 15 23 35 30 46 24 33 28 44 33 8 23 38 40 8 20 16 42 45 47 38 23 48 
2 8 1 27 39 5 12 22 46 45 24 36 2 30 12 47 37 2 35 31 10 32 7 18 19 12 43 26 20 14 14 26 41 45 31 25 35 10 44 18 17 4 29 46 30 3 22 49 17 41 
38 12 7 23 5 21 33 4 5 26 21 40 16 36 5 34 5 33 49 34 40 1 14 4 29 24 28 22 42 40 22 41 38 36 9 29 32 44 23 43 25 22 33 48 4 43 13 48 21 39 
37 35 42 3 42 33 17 21 44 25 17 3 9 3 14 42 14 17 19 32 19 6 6 23 19 22 17 28 47 40 29 30 46 42 8 1 46 26 27 46 30 5 37 32 34 14 30 16 8 2 
12 42 3 21 26 38 11 1 8 21 19 32 16 45 2 26 21 23 40 14 46 44 10 1 15 42 14 38 21 26 23 45 15 47 1 24 39 15 45 45 30 40 27 13 42 4 30 3 44 42 
30 12 6 49 27 36 46 24 6 9 46 29 25 34 33 37 23 29 3 34 3 30 35 8 23 8 5 45 49 12 12 32 36 34 12 2 36 41 16 41 33 39 4 39 49 43 49 19 4 22 
29 16 24 49 37 46 21 39 40 39 24 49 22 45 33 25 26 11 21 27 44 42 40 14 7 48 32 42 11 21 11 47 49 4 5 11 16 11 46 4 2 37 31 43 21 24 5 41 38 31 
41 48 28 3 37 46 39 37 11 49 39 45 47 11 14 29 14 2 41 2 25 6 36 30 30 21 6 4 4 31 33 18 22 9 49 33 36 6 2 29 40 29 33 2 44 41 44 2 47 25 
1 44 46 29 17 11 3 48 43 6 11 26 38 25 36 44 31 4 21 27 43 4 4 46 47 24 12 47 37 19 12 16 3 10 3 31 12 25 13 29 14 2 29 31 45 31 2 20 49 17 
11 30 40 48 9 35 2 41 24 42 12 24 23 22 33 33 47 19 25 18 38 2 32 30 41 38 24 4 7 40 13 37 11 35 39 2 10 33 16 27 2 25 31 49 29 9 10 22 11 14 
26 31 26 9 40 2 11 32 6 15 5 29 26 30 13 15 16 33 45 21 37 30 7 30 15 20 44 35 31 7 35 16 11 37 30 47 28 24 26 19 28 19 15 42 27 9 42 4 6 25 
49 37 16 33 38 39 27 18 40 40 40 11 43 15 31 32 6 5 42 21 6 38 47 14 31 49 42 9 11 7 18 38 12 44 36 39 39 14 12 38 20 35 4 17 2 47 12 31 47 12 
10 3 9 46 45 20 46 49 40 2 41 20 15 47 42 10 26 10 42 14 14 33 23 1 5 1 1 9 13 35 3 13 48 3 49 29 46 16 14 43 22 34 32 23 47 8 6 8 28 49 
14 21 20 21 22 29 15 12 10 15 42 38 49 19 6 33 13 36 42 15 43 41 41 18 38 19 33 15 26 15 42 15 11 49 48 39 29 23 5 16 9 21 1 49 31 27 17 44 18 39 
21 49 6 23 38 45 5 29 1 24 19 31 30 8 36 19 40 49 15 22 11 31 22 5 16 28 3 32 33 10 36 33 3 29 11 45 33 47 12 47 8 10 45 20 39 41 37 6 15 40 
48 38 1 33 20 21 7 15 8 1 31 23 16 14 20 13 43 19 28 29 37 3 18 37 36 19 12 40 18 46 23 3 3 36 3 44 19 3 7 20 37 44 43 8 29 8 46 32 24 16 
37 30 35 2 4 40 31 35 18 21 34 11 5 11 6 3 7 44 28 43 38 6 14 10 26 5 44 14 15 11 2 21 23 33 17 20 34 34 20 16 25 4 17 14 8 38 33 36 46 3 
2 7 2 37 19 47 42 24 47 29 26 18 35 8 28 4 14 40 16 13 20 17 22 26 35 37 15 5 30 43 33 36 26 46 20 24 14 8 35 15 8 46 29 26 23 13 34 33 13 32 
6 41 3 20 6 26 44 49 20 14 8 33 40 15 24 37 41 49 29 39 35 2 2 19 24 18 16 37 44 47 43 49 17 47 45 45 43 40 18 15 17 47 34 42 35 34 8 39 11 32 
45 45 3 11 3 45 48 22 36 40 19 30 12 19 18 3 49 10 4 44 48 16 33 28 22 14 30 38 1 6 22 9 4 15 1 28 17 16 31 49 29 23 41 41 32 36 19 9 12 46 
2 3 41 1 39 47 44 41 6 22 28 48 16 16 48 39 18 8 37 40 10 8 40 21 21 46 23 13 9 30 28 39 37 49 21 30 26 20 42 46 5 32 17 20 15 32 29 37 32 39 
4 2 26 44 4 4 36 38 35 10 16 8 5 36 18 36 30 4 24 38 20 1 19 13 33 6 10 27 25 45 6 24 12 26 40 20 3 39 32 19 36 41 16 9 12 27 34 10 35 46 
19 47 29 32 10 20 17 24 7 4 15 7 3 37 8 41 23 22 46 8 33 14 31 15 45 14 1 32 11 39 44 24 33 38 26 12 18 9 45 11 31 14 1 26 45 12 46 4 7 2 
37 27 4 24 12 4 23 5 13 39 27 36 46 47 13 17 29 4 38 20 31 49 25 46 6 30 35 40 17 37 34 38 34 18 26 28 28 23 8 29 17 29 19 20 3 22 9 6 32 4 
1 26 12 17 26 23 33 29 7 27 43 37 24 4 7 27 22 41 8 28 44 14 44 47 1 41 11 20 20 15 22 24 26 20 41 45 46 32 33 18 12 38 22 39 29 13 14 46 42 11 
33 29 23 47 48 11 30 38 2 32 14 15 16 36 5 9 1 33 4 44 7 8 27 25 4 37 15 27 1 14 48 8 27 40 31 27 18 2 41 38 38 43 7 43 44 44 45 6 47 39 
7 24 13 22 26 40 10 3 35 20 2 17 44 8 33 22 23 32 43 15 12 45 37 30 49 47 24 25 38 9 8 10 10 33 48 16 36 25 18 13 45 13 36 35 16 9 40 18 40 48 
8 31 27 10 29 31 42 45 16 8 27 8 16 6 1 12 40 18 22 38 25 16 18 34 49 4 7 9 16 46 43 23 34 16 25 34 23 34 48 16 33 20 47 28 14 28 8 45 48 13 
15 49 15 20 15 38 26 32 5 29 44 22 11 16 44 47 2 24 12 44 44 29 8 1 10 29 3 5 26 9 44 4 48 43 38 25 1 47 36 33 27 15 36 39 33 20 26 42 41 37 
11 34 16 33 8 25 10 22 44 11 30 31 46 20 11 11 33 1 7 7 13 25 9 10 36 11 26 26 30 38 24 15 10 43 11 4 4 9 7 32 31 26 36 41 15 19 1 14 44 11 
14 32 15 21 10 14 7 24 21 4 39 19 46 21 28 29 20 12 6 23 48 24 37 33 19 19 7 44 29 30 19 34 17 26 41 33 23 17 34 4 37 11 24 15 30 25 49 11 9 13 
1 40 9 18 2 36 1 36 18 38 41 47 19 3 44 28 17 3 23 13 35 32 25 4 16 4 40 8 15 33 40 34 38 4 47 33 13 31 1 25 42 45 20 16 11 44 47 22 5 27 
33 22 25 37 45 20 19 38 33 44 47 24 3 47 43 31 43 34 48 23 31 41 26 14 40 10 45 9 25 9 49 44 3 17 40 11 22 41 20 18 24 43 38 31 3 21 18 38 25 21 
8 4 44 29 24 31 38 9 15 14 5 22 3 23 11 41 46 42 22 29 33 29 30 45 24 41 28 16 40 9 34 43 30 46 8 37 28 4 49 34 30 2 39 39 25 46 33 27 32 47 
7 30 13 48 4 37 27 34 27 1 40 33 45 3 30 33 19 44 46 40 4 47 21 44 39 49 21 18 19 26 12 17 37 25 11 1 43 4 29 32 20 12 33 39 43 46 14 21 29 18 
38 25 6 49 47 44 14 4 15 31 31 44 44 21 41 28 20 3 42 34 47 12 42 29 13 5 44 13 3 43 14 14 38 2 40 39 1 41 34 46 34 38 19 7 22 2 48 20 2 23 
21 32 15 37 28 48 33 38 8 13 23 30 19 46 49 10 22 48 49 47 38 16 23 31 35 13 3 48 44 28 1 14 7 23 42 29 41 47 40 7 35 38 1 37 17 49 49 31 39 1 
44 25 46 35 2 25 25 44 44 49 40 7 29 7 8 43 11 36 16 29 33 21 30 19 42 16 41 21 24 11 3 4 15 41 17 31 7 40 47 12 28 22 11 32 31 48 1 10 10 7 
11 40 2 26 40 5 37 31 6 38 23 2 9 43 7 42 7 25 22 18 19 34 4 5 31 49 8 42 35 28 6 34 39 1 33 22 8 14 35 2 1 23 12 5 4 25 15 21 41 34 
47 11 20 25 7 29 48 12 42 35 15 7 3 10 29 1 26 37 25 34 39 20 35 3 33 39 3 31 43 5 8 44 11 41 45 18 16 32 36 17 21 36 23 13 26 38 3 6 13 32 
18 17 40 46 10 10 38 15 3 20 41 22 4 9 2 11 43 36 6 19 6 34 45 17 48 34 38 48 28 39 46 49 22 32 27 6 6 4 47 39 26 41 20 16 47 19 40 12 45 1 
13 19 41 13 14 13 13 47 12 32 15 27 43 23 24 36 22 4 44 36 36 31 22 38 25 49 6 49 23 11 33 14 29 33 11 15 21 1 22 21 31 27 2 40 14 2 19 11 26 35 
46 34 33 14 5 8 45 36 14 22 25 21 6 8 47 43 34 20 18 2 45 13 8 8 6 23 5 24 8 43 37 17 27 20 3 6 33 4 43 17 7 22 2 6 18 37 22 1 24 2 
32 41 22 23 38 13 3 34 19 19 27 35 26 1 9 30 24 4 27 22 16 29 33 21 15 14 39 31 11 32 5 4 7 37 36 32 6 28 28 2 36 1 10 39 17 13 7 27 28 31 
27 46 34 33 3 38 18 20 26 41 8 29 5 37 22 8 17 28 35 22 11 46 29 14 23 17 4 20 34 34 1 12 46 34 27 9 46 24 1 12 2 37 19 39 41 48 33 25 42 27 
10 49 33 7 7 17 9 14 35 6 3 19 3 4 5 9 19 30 22 13 47 16 19 35 9 39 10 44 25 16 12 35 24 22 12 47 15 38 9 7 25 37 1 5 19 25 13 24 45 38 
1 21 34 35 3 3 15 37 6 6 30 25 27 29 27 22 1 34 24 38 12 6 18 18 45 9 17 40 43 7 42 30 25 10 45 3 7 10 18 14 31 41 8 12 10 5 26 29 6 47 
42 28 20 29 12 42 15 23 39 23 42 16 38 40 13 28 45 16 16 39 37 21 12 8 34 5 47 25 23 27 37 26 44 39 7 5 41 36 24 41 14 47 38 28 1 4 33 31 34 33 
42 47 9 41 25 10 39 46 47 32 23 46 17 8 45 27 4 38 38 35 15 39 4 8 6 45 25 48 43 4 31 40 6 32 48 43 28 17 31 1 35 21 36 21 48 36 48 45 35 2 
29 43 7 39 27 19 34 14 22 33 10 17 32 27 4 7 35 9 30 31 19 12 4 35 7 22 39 25 46 18 27 8 11 29 1 32 23 31 26 9 2 40 41 15 21 30 1 19 41 46 
9 19 12 35 10 34 20 5 7 11 49 46 7 16 42 30 27 7 18 23 49 24 4 13 21 20 45 29 9 11 20 35 13 9 38 30 39 5 40 44 11 3 15 43 31 23 10 4 4 21 
36 33 35 39 4 22 9 48 28 17 29 3 37 48 20 25 25 10 26 49 26 45 10 14 41 36 26 44 8 1 12 20 35 45 2 4 12 20 8 11 4 15 45 33 26 1 27 15 11 22 
