100
165 181 162 120 113 131 114 123 137 187 169 120 167 194 177 184 157 185 187 159 189 164 120 130 134 125 139 138 199 103 165 192 171 133 128 143 107 107 188 134 163 135 106 121 156 190 127 140 124 162 197 165 151 160 116 112 154 116 151 142 175 121 112 103 146 148 104 168 178 125 116 128 108 108 169 137 119 197 185 182 177 150 181 133 130 138 153 164 124 112 157 136 197 159 125 172 110 157 103 168 
190 176 156 104 160 185 139 143 139 157 185 157 112 106 130 197 101 105 194 158 167 124 140 167 162 121 153 178 104 176 163 121 101 115 195 185 172 147 107 156 154 113 190 123 153 129 190 180 126 187 142 163 103 119 163 145 117 161 182 139 171 182 170 101 161 160 186 107 175 139 150 142 116 113 152 158 171 157 105 134 126 198 149 192 126 138 106 193 197 149 186 119 150 185 159 161 108 147 119 179 
157 186 187 184 195 129 174 101 199 129 143 139 193 105 107 129 174 147 142 117 172 173 160 195 174 154 130 174 160 135 198 138 132 105 127 147 180 137 128 141 178 197 189 128 148 113 129 189 165 185 112 113 100 100 188 102 175 199 194 131 151 109 106 171 137 100 110 183 169 150 179 127 111 175 127 168 100 186 170 191 104 157 172 149 173 155 168 143 112 132 171 119 120 171 134 150 119 117 181 159 
115 117 197 105 131 170 185 116 135 143 169 133 142 170 172 101 121 161 140 160 191 105 144 102 181 181 105 118 138 184 103 120 163 151 198 155 113 191 147 144 156 159 154 182 114 191 166 189 143 144 167 194 192 103 136 199 124 195 109 109 183 191 195 178 139 125 155 148 166 122 130 169 181 134 192 191 153 147 106 113 193 159 110 105 115 107 146 105 182 179 177 137 189 179 174 173 112 115 118 137 
114 157 153 138 120 115 182 159 196 134 171 138 162 148 112 145 138 154 185 163 182 197 158 194 170 116 140 156 193 160 181 184 113 125 177 133 140 186 129 154 154 140 111 130 121 114 138 156 149 165 157 177 116 154 110 128 180 140 137 198 138 171 178 174 194 161 187 168 158 151 124 129 123 179 126 193 192 104 149 172 152 176 109 159 106 147 172 162 144 155 110 122 107 188 100 196 150 156 185 184 
166 197 177 164 110 114 152 118 114 148 107 110 112 143 187 197 130 153 110 129 185 183 180 111 121 103 141 121 187 157 193 109 129 130 163 146 134 146 164 197 119 193 119 166 188 128 160 137 184 180 101 167 181 138 177 105 125 170 174 198 100 102 113 108 187 113 163 179 192 140 199 183 147 189 101 130 101 178 117 184 174 137 117 118 176 166 126 180 193 111 195 162 110 130 142 182 138 154 181 112 
136 178 142 108 188 179 108 164 170 152 130 182 145 151 128 177 170 198 133 140 185 101 119 131 180 199 199 137 189 187 193 190 106 163 110 174 104 100 148 106 197 162 164 187 156 123 189 133 169 162 186 117 139 122 153 166 146 175 130 195 197 160 143 134 184 165 173 156 133 183 127 120 133 126 181 146 134 119 183 130 188 192 164 139 175 163 186 159 192 153 144 199 152 146 197 169 163 186 133 135 
183 187 102 146 181 133 105 132 163 159 161 191 199 168 139 183 153 175 161 152 101 127 167 124 185 113 196 181 197 136 178 172 103 181 177 109 162 107 116 127 188 164 174 124 161 132 139 118 137 129 194 153 193 126 109 100 109 149 181 105 179 129 190 116 112 121 172 169 116 120 192 138 100 188 196 188 168 197 182 162 100 106 166 136 151 104 196 127 107 160 124 122 159 177 196 198 162 154 167 198 
122 157 179 158 138 161 121 180 176 191 105 185 185 122 149 185 109 118 144 153 178 152 182 100 143 188 122 144 161 109 168 174 125 159 115 101 194 119 188 115 162 169 115 150 123 182 117 199 161 143 184 192 147 136 141 148 107 167 165 159 190 113 150 119 151 140 165 148 134 119 100 122 188 129 199 161 153 166 156 104 173 145 157 162 157 164 162 118 181 189 176 120 182 159 180 172 173 167 179 176 
189 124 196 107 140 183 177 199 149 130 104 152 110 102 185 102 181 175 164 113 173 174 109 112 144 195 157 107 161 145 131 170 103 141 163 175 132 114 103 192 124 183 156 124 159 168 191 122 127 161 167 133 152 100 105 111 179 127 108 148 198 129 135 192 159 170 104 154 143 135 141 113 160 141 183 183 193 124 171 168 127 159 104 155 137 103 182 118 137 140 183 102 167 151 190 127 166 119 154 195 
183 171 172 145 122 159 146 108 130 130 149 139 120 102 117 121 153 136 133 159 150 175 125 132 155 171 177 133 194 192 114 147 186 158 104 128 123 141 167 169 129 170 130 105 127 186 132 124 136 128 162 144 106 134 165 152 110 151 139 117 123 108 138 195 120 163 166 163 118 135 122 112 127 120 110 132 152 199 106 112 182 100 160 162 134 128 191 130 174 145 106 155 102 179 171 108 115 185 134 174 
108 188 154 182 119 197 180 190 173 190 150 161 177 196 161 166 193 116 193 134 105 105 119 132 185 131 102 155 103 179 194 181 140 135 111 131 170 135 160 126 102 169 129 139 132 185 142 188 183 145 192 102 194 171 114 133 139 147 137 133 101 145 160 164 133 102 152 167 109 171 152 152 108 192 125 107 136 191 199 138 191 127 192 125 178 127 189 148 160 173 194 126 106 162 154 170 154 183 178 101 
199 190 141 124 129 131 127 110 160 125 197 199 168 156 179 149 116 181 112 169 117 124 117 177 108 191 160 166 135 110 173 124 176 170 107 125 160 161 118 178 100 136 159 182 129 189 199 112 173 116 183 139 173 177 186 187 159 110 143 141 161 138 123 140 192 119 192 112 109 137 115 179 102 141 190 181 119 136 120 169 155 182 131 157 126 157 118 147 156 102 108 133 189 140 169 183 162 182 138 119 
117 140 126 123 164 180 163 141 125 103 153 128 179 108 185 126 183 157 184 105 162 142 151 153 149 100 119 182 162 124 122 128 193 170 182 108 113 123 174 116 143 109 188 116 148 193 142 184 153 145 112 198 150 114 174 144 125 174 189 183 181 128 132 190 196 108 119 133 150 195 192 148 188 194 146 175 189 136 133 142 135 180 129 113 167 129 135 101 150 165 163 124 145 133 198 118 115 192 100 125 
110 152 194 142 124 152 143 142 149 165 156 131 104 188 173 128 134 167 129 152 198 137 155 177 115 106 117 110 167 109 100 121 150 177 133 123 128 165 146 141 148 107 162 180 101 123 162 124 121 123 147 105 180 101 101 116 159 134 186 144 143 128 180 121 131 168 136 148 195 126 162 106 155 184 160 107 180 135 140 164 185 144 111 180 158 161 156 152 146 117 122 195 145 121 146 122 125 121 138 138 
197 182 117 145 166 100 142 179 156 153 157 139 198 157 122 140 188 190 189 129 131 194 127 141 156 160 100 198 188 153 192 189 111 143 158 125 176 149 103 108 198 147 109 187 169 132 176 196 156 141 114 183 170 179 177 128 129 187 193 119 138 123 103 129 171 186 175 198 135 138 109 151 132 118 140 138 158 196 141 166 138 150 176 195 144 152 182 161 106 101 100 144 175 108 169 171 196 186 188 187 
152 198 156 128 172 126 194 184 166 121 101 173 198 130 172 125 177 128 162 111 183 107 158 146 149 125 192 100 189 105 112 164 159 119 173 105 180 144 102 161 153 185 197 192 135 194 149 140 179 139 147 153 114 159 181 198 145 134 100 177 131 133 133 181 176 159 137 118 198 185 181 183 176 161 151 158 162 176 183 145 163 108 187 104 141 138 184 147 158 159 144 171 138 179 172 101 184 175 161 149 
133 142 179 172 119 195 135 137 183 116 181 117 161 134 188 114 195 116 137 107 138 194 123 144 112 150 100 174 194 181 137 134 188 138 112 194 162 111 139 135 160 165 141 173 146 149 134 191 117 106 180 121 103 176 178 178 191 137 115 133 122 164 165 194 180 121 195 119 142 116 121 186 186 198 187 142 114 151 141 108 142 145 130 162 184 172 188 187 152 139 137 132 140 161 169 162 130 117 113 183 
123 195 168 188 176 188 112 187 198 113 138 136 143 100 117 134 103 147 110 146 141 170 132 117 183 171 119 167 155 120 119 172 199 182 124 121 134 181 178 193 186 188 130 174 167 105 190 144 143 123 115 119 135 186 139 139 172 158 114 153 145 128 145 136 137 198 172 121 171 133 157 159 159 191 159 184 174 100 159 178 104 166 110 183 111 190 167 102 188 186 139 120 159 104 141 196 107 165 197 169 
103 184 174 189 156 173 150 192 169 151 149 160 129 167 197 100 170 142 102 163 181 136 161 107 154 122 170 156 163 128 195 187 139 114 164 139 180 180 125 144 177 116 118 134 106 114 111 105 158 150 134 132 164 154 171 189 134 193 155 113 135 135 116 100 180 116 176 199 132 182 158 162 110 115 119 157 102 171 127 138 112 194 169 173 153 162 194 174 182 149 184 161 170 186 162 119 159 158 120 105 
162 118 191 180 142 124 127 146 149 144 100 153 129 174 126 129 166 169 182 121 114 148 149 138 106 196 198 169 130 169 102 172 137 131 133 112 159 126 121 118 135 148 189 118 166 119 173 196 177 175 167 130 153 168 111 137 121 155 124 153 167 111 141 123 107 138 108 120 163 122 154 108 179 162 143 186 118 192 162 155 156 139 120 176 156 141 107 129 199 174 108 113 186 152 192 145 198 125 169 121 
188 121 101 133 162 181 190 133 148 121 184 171 167 119 151 107 157 150 191 133 113 192 199 105 133 198 196 146 188 142 140 167 120 114 130 169 159 109 160 163 179 163 121 163 150 108 132 170 184 168 190 110 115 180 110 109 135 193 182 133 160 144 142 137 111 160 116 187 181 196 192 179 141 100 133 114 150 198 109 162 143 194 194 110 129 142 124 110 122 144 130 189 173 199 108 124 162 161 148 162 
105 165 183 130 124 115 122 100 194 174 129 192 129 103 104 177 188 101 144 155 116 192 116 179 109 144 150 140 109 153 181 117 112 149 169 109 169 146 163 168 112 186 142 104 108 156 181 123 143 156 114 158 181 197 189 147 106 112 198 112 159 168 192 119 189 192 195 156 120 183 136 120 153 104 123 114 175 149 114 117 156 127 175 108 126 118 113 116 145 184 147 107 102 135 187 129 139 158 188 103 
146 145 188 110 166 156 132 184 107 185 184 167 138 114 159 159 114 116 174 133 155 147 184 108 114 156 162 147 147 163 176 136 177 138 110 170 128 191 122 151 194 161 165 150 163 194 162 157 108 186 159 136 127 135 143 112 177 197 117 182 134 133 185 107 195 118 157 164 102 186 116 179 115 138 162 198 134 137 119 114 175 118 181 173 111 174 145 120 192 148 168 138 121 110 173 150 121 195 153 187 
195 139 186 128 173 147 189 141 165 191 198 191 133 193 196 143 185 114 112 114 177 115 100 170 105 110 180 187 190 160 193 109 162 150 198 128 192 134 102 113 119 151 176 102 152 118 129 168 122 181 194 181 113 147 147 118 193 191 197 195 149 127 192 169 148 168 151 147 134 160 171 126 144 156 101 117 179 112 142 195 153 190 154 152 148 192 176 115 195 161 144 149 199 152 179 143 168 131 104 178 
114 109 107 122 118 165 121 143 119 183 178 189 120 196 148 147 135 132 123 186 115 100 156 198 133 195 192 149 130 193 113 169 168 175 171 190 185 193 169 122 105 143 129 132 152 197 188 115 169 180 171 139 185 184 158 130 123 173 100 106 191 197 166 137 154 115 118 114 108 153 108 126 183 132 143 199 185 180 186 143 167 165 183 190 114 148 164 101 147 130 197 132 162 196 199 136 134 115 193 187 
135 120 184 163 167 189 191 171 169 160 166 111 183 167 129 199 165 166 108 180 110 188 121 178 119 139 126 108 170 143 197 111 189 148 163 175 133 137 106 109 151 177 188 144 110 150 129 154 173 182 149 187 117 127 163 115 188 138 147 159 197 136 179 136 117 141 131 124 191 144 136 118 181 149 193 117 189 198 177 163 137 131 189 192 145 108 175 152 113 191 188 134 134 191 172 100 158 139 180 103 
150 171 154 185 127 191 192 177 139 110 103 199 181 122 133 195 153 189 177 172 146 123 182 132 186 190 149 191 165 146 143 128 124 138 125 150 198 185 157 179 195 111 169 197 192 150 143 152 154 142 183 102 144 137 178 132 194 117 197 110 180 153 138 139 142 170 155 173 172 185 131 186 176 144 103 145 143 123 193 184 189 172 168 115 136 151 164 187 153 104 123 147 128 183 142 116 192 198 124 151 
123 143 103 100 105 151 174 179 158 151 166 142 192 179 147 155 158 126 173 109 188 138 130 196 170 150 154 152 180 105 105 127 189 119 140 151 114 122 199 159 119 198 103 171 152 157 113 108 163 193 184 103 111 182 151 101 162 160 121 170 108 107 148 146 100 170 197 147 120 120 188 102 166 187 113 125 135 113 117 197 144 128 105 146 143 121 197 181 193 155 157 167 100 197 109 156 105 116 115 198 
161 171 104 107 119 165 194 174 163 195 153 132 149 174 197 100 136 167 120 176 129 154 190 162 114 168 128 188 198 189 153 137 134 137 158 134 163 104 130 121 103 156 186 198 168 138 110 127 101 185 119 128 125 142 133 136 127 150 192 141 176 192 137 198 119 177 175 102 158 184 197 127 105 161 115 104 120 149 153 111 139 138 149 165 194 186 115 156 133 151 175 133 139 138 116 171 125 143 141 182 
192 122 169 151 127 157 191 197 173 187 121 127 193 180 108 153 133 189 198 121 124 121 187 159 144 168 106 168 166 167 193 181 154 184 166 149 193 154 189 185 142 128 174 160 127 182 107 153 161 195 144 155 117 189 100 184 192 179 164 153 183 118 128 131 142 163 197 148 119 177 101 123 145 168 131 151 103 112 190 165 120 163 149 155 114 110 190 122 109 173 168 189 194 177 137 137 150 142 184 128 
159 145 181 199 135 140 130 177 115 193 117 152 149 190 139 125 155 160 172 198 168 114 123 192 184 136 191 158 159 128 154 145 162 142 163 142 159 178 122 183 158 143 166 178 154 127 128 137 133 153 133 118 142 117 160 133 123 173 178 164 162 169 192 126 179 149 187 196 160 149 152 112 169 141 166 157 150 162 188 191 178 169 108 175 164 167 187 145 134 167 122 119 168 194 160 137 189 194 198 190 
154 145 157 128 180 141 139 105 151 141 175 126 146 145 166 199 152 167 153 156 192 196 182 157 134 154 194 154 182 156 103 104 106 135 122 171 174 156 134 106 106 184 166 153 197 188 154 167 104 126 186 164 170 112 158 140 134 145 110 179 188 144 187 168 145 118 174 199 182 153 156 155 198 148 166 108 174 180 186 129 140 186 103 149 117 148 159 136 136 187 110 119 163 189 115 133 181 159 174 103 
143 103 176 139 184 187 172 129 137 129 142 143 124 149 144 167 134 179 175 120 141 152 187 169 184 134 188 119 105 122 153 106 143 145 170 169 117 140 183 101 135 177 152 151 148 120 196 177 167 190 197 128 108 180 167 116 127 145 198 159 146 136 162 150 160 100 111 183 145 122 107 116 112 119 198 180 196 124 171 105 121 140 124 101 155 109 102 127 169 172 190 124 196 193 111 142 121 111 106 151 
192 163 144 127 132 106 121 161 178 108 161 186 109 193 191 197 108 160 159 151 120 151 162 141 132 108 136 162 152 198 160 107 131 169 168 140 100 135 199 190 186 140 133 150 179 109 166 119 122 187 183 165 156 109 112 115 129 166 113 101 156 139 178 130 101 128 137 117 153 140 142 149 156 110 151 112 192 144 170 127 166 139 128 145 171 127 117 166 130 121 167 184 184 124 153 135 114 155 134 101 
121 197 153 189 163 138 108 146 195 143 129 114 183 168 184 179 183 178 106 131 145 130 192 168 143 112 113 132 119 143 122 112 167 181 194 190 154 105 184 195 160 187 194 143 168 178 194 107 142 197 153 159 186 180 150 188 184 121 181 133 132 115 160 120 177 123 193 157 196 173 184 125 188 151 181 128 133 131 127 199 124 126 113 132 117 188 109 114 117 194 147 104 142 106 177 194 132 167 163 177 
199 187 167 171 181 176 138 164 156 195 109 132 111 170 137 110 105 153 144 135 145 184 171 128 164 160 169 114 196 164 107 100 140 129 165 138 109 101 171 182 193 181 124 164 160 104 182 113 139 121 148 119 140 177 127 109 137 198 130 133 142 108 104 189 188 176 104 137 184 160 135 142 191 144 151 174 173 134 150 155 137 114 175 101 116 114 173 179 171 131 152 124 139 162 148 114 185 144 163 122 
177 112 186 140 133 176 156 130 187 102 179 153 177 154 195 187 190 184 170 101 174 196 174 109 105 193 174 172 161 198 140 166 142 166 105 166 198 113 126 195 196 198 180 190 113 108 190 181 104 165 143 109 131 116 108 158 168 127 136 125 103 131 187 115 104 127 166 164 145 141 151 117 182 160 130 137 171 130 106 188 120 190 108 169 193 190 172 106 157 169 180 131 139 198 117 143 154 191 171 114 
119 121 121 163 142 118 166 149 182 177 145 185 187 107 156 147 177 180 139 115 123 116 136 121 125 146 130 175 120 176 117 199 161 157 184 165 126 133 176 137 112 156 113 185 186 151 100 185 162 196 122 150 139 172 188 174 153 108 100 189 151 121 109 169 197 113 114 190 117 101 111 114 103 142 135 118 176 178 184 101 157 127 151 148 127 143 176 194 147 190 108 135 161 179 149 142 139 111 107 158 
147 195 144 119 187 156 129 152 158 182 108 144 183 109 113 181 150 152 107 188 160 103 134 195 141 193 172 172 140 127 185 113 147 171 152 147 139 129 181 120 133 195 121 132 167 131 196 106 192 157 175 166 183 139 127 107 190 182 188 186 111 155 151 182 185 197 107 139 103 121 170 177 188 151 174 126 137 197 102 108 164 158 151 135 151 153 163 159 182 132 102 130 126 118 178 163 101 129 155 173 
129 117 105 132 130 189 178 165 159 119 104 135 150 100 155 129 180 130 132 198 139 193 172 127 115 169 155 139 166 194 103 101 157 186 110 153 141 174 156 198 141 157 195 156 107 160 140 133 145 117 183 155 195 102 176 103 162 141 132 171 141 112 126 165 190 187 101 182 136 130 151 149 184 160 185 180 154 193 142 199 104 192 171 131 174 181 118 174 167 152 116 146 149 170 182 103 162 135 105 187 
171 103 149 102 173 175 104 130 141 119 118 176 177 197 131 171 142 135 103 107 112 153 145 123 140 127 137 136 139 195 156 129 189 188 116 118 107 157 137 151 190 183 117 184 162 121 198 123 155 157 185 151 158 157 194 109 127 133 136 109 157 128 162 122 160 198 112 155 119 161 118 157 170 171 101 135 160 184 193 135 198 127 129 117 122 173 124 138 180 151 171 186 163 135 152 129 115 161 112 140 
184 156 153 139 115 135 102 175 157 183 175 125 111 105 128 173 171 158 105 105 158 116 168 164 186 109 182 118 150 127 120 175 160 177 139 176 175 157 147 175 129 182 114 124 157 124 143 122 155 114 178 195 187 180 141 147 139 154 197 104 189 169 188 176 113 159 136 196 117 156 104 119 115 165 120 135 127 172 113 101 162 112 150 191 192 172 112 115 198 135 191 183 116 148 124 107 163 112 119 123 
116 113 168 199 132 164 137 152 176 100 180 121 170 163 113 183 191 138 163 102 102 146 196 164 103 135 122 193 181 101 194 169 169 172 181 154 167 135 142 142 138 145 145 159 175 199 193 166 182 191 104 197 117 148 147 126 152 136 102 146 134 151 188 156 105 108 185 135 130 145 142 102 196 195 157 167 173 183 195 195 173 122 106 133 188 121 148 144 127 123 177 175 152 173 172 187 187 160 190 113 
194 196 179 137 110 129 196 176 198 174 163 198 119 159 165 149 191 136 194 152 162 190 139 119 178 153 102 152 155 112 130 145 190 103 158 114 182 186 187 128 119 141 104 153 188 102 133 114 130 129 107 180 167 132 179 163 147 185 102 106 146 148 123 123 135 187 152 176 114 102 198 114 175 193 113 173 103 145 138 162 133 143 133 199 123 168 133 162 133 138 185 114 126 135 128 188 195 132 156 105 
166 198 129 189 152 172 155 172 100 134 123 119 110 191 196 137 107 110 166 128 190 105 101 119 162 199 173 196 121 163 120 157 199 170 146 102 134 156 143 140 180 130 160 192 110 142 108 151 191 138 145 117 106 126 189 190 142 130 153 170 112 109 181 127 182 107 147 198 101 167 126 103 198 157 189 161 170 133 166 143 125 112 104 131 196 155 183 190 137 167 146 144 199 145 168 149 168 149 119 171 
161 150 173 119 122 115 168 185 144 144 104 157 140 174 182 135 125 106 185 155 130 117 131 104 114 159 155 114 100 100 192 139 103 102 141 113 108 155 137 154 185 143 188 186 193 131 135 182 110 177 172 150 161 188 157 182 105 152 157 150 179 119 110 181 119 138 142 187 127 186 194 189 187 136 114 160 141 116 184 181 169 184 112 186 132 184 161 110 104 154 105 197 154 110 114 198 108 148 134 154 
180 195 188 189 128 146 159 116 146 152 154 169 168 174 148 138 152 134 151 145 169 102 172 177 150 125 183 164 197 177 107 120 132 131 163 133 180 140 166 104 112 183 189 101 100 100 183 188 198 110 109 140 178 114 131 104 150 106 128 122 102 141 112 165 169 119 136 196 108 166 107 123 189 108 193 186 110 197 160 134 101 120 163 174 134 154 170 171 113 191 191 150 190 104 168 141 163 132 187 136 
119 175 191 194 141 197 100 195 106 151 101 142 199 168 195 176 184 177 108 145 170 129 184 183 164 103 137 136 114 151 155 151 187 130 129 197 195 109 162 145 188 171 132 138 137 110 183 160 165 126 155 194 100 195 124 179 186 155 135 168 125 182 142 120 190 193 154 158 122 181 191 189 171 128 166 160 142 162 109 139 157 152 114 135 142 162 191 107 133 139 163 165 166 120 164 146 113 167 196 133 
115 142 161 174 141 117 112 112 194 111 139 188 124 190 109 103 160 119 192 121 139 147 137 187 133 170 141 172 197 148 186 183 125 117 168 134 108 177 194 138 147 159 151 115 165 198 153 182 106 177 124 147 103 113 108 127 170 199 162 155 177 145 117 183 129 120 134 176 159 162 190 155 166 195 162 133 188 115 195 157 198 117 159 101 178 196 153 179 197 138 185 137 112 142 157 110 199 174 172 119 
167 148 149 111 102 194 101 161 117 115 131 155 124 192 197 126 163 190 116 172 194 166 136 116 102 117 103 164 194 141 130 110 122 198 125 157 154 186 179 199 114 179 113 126 167 190 126 118 117 182 181 141 184 159 103 127 164 191 181 138 155 100 120 127 137 199 172 153 141 110 187 140 173 125 134 169 160 195 110 175 199 123 194 170 177 122 126 172 181 109 156 121 136 139 118 186 101 125 120 194 
114 198 127 103 114 136 187 192 144 185 144 183 149 100 127 103 169 102 190 133 164 146 146 149 112 100 151 171 160 192 155 154 186 182 166 123 183 158 192 155 160 110 155 191 199 185 104 164 109 107 187 184 174 162 131 117 134 197 188 125 151 153 141 173 110 122 173 111 145 176 117 168 178 142 143 140 139 138 137 143 137 178 134 169 155 127 123 107 100 110 105 157 162 143 110 138 195 178 119 161 
108 160 181 104 138 130 155 132 117 188 160 198 125 125 177 177 195 121 113 147 111 158 199 199 141 182 105 128 140 161 134 123 111 148 138 191 168 176 194 192 144 104 150 170 153 101 156 183 124 130 146 138 164 160 176 119 106 175 100 150 136 103 132 162 161 126 149 120 139 133 197 189 190 187 180 116 189 141 155 187 121 148 137 177 113 120 158 196 117 192 124 136 163 131 189 157 159 138 108 154 
100 192 165 142 102 186 109 192 128 196 114 183 131 187 197 143 130 175 191 123 171 160 178 110 112 187 161 184 114 145 149 170 141 157 130 132 103 167 199 137 194 153 116 124 175 117 157 133 163 173 199 125 158 139 146 106 111 115 170 162 173 147 124 116 171 199 104 157 167 117 104 113 172 126 165 176 135 199 182 163 155 161 145 176 116 150 167 144 186 164 164 183 100 131 155 151 176 145 147 160 
131 164 175 173 171 192 119 102 171 131 182 193 182 174 112 116 179 171 172 141 133 103 148 143 182 182 153 109 192 126 121 148 132 191 191 177 179 166 137 155 156 101 113 123 109 118 113 173 114 172 114 169 142 110 107 110 163 149 179 199 105 110 114 189 158 144 154 174 141 153 192 164 114 166 159 134 108 166 114 147 137 170 195 100 195 187 193 107 128 105 102 133 195 141 181 172 153 192 171 130 
122 177 178 127 122 191 134 135 154 143 189 197 169 156 146 101 154 156 151 160 195 146 114 188 152 194 143 123 150 124 101 112 175 144 181 196 135 127 128 107 190 127 125 180 185 187 197 158 101 101 139 105 106 169 194 128 174 130 133 126 107 187 134 174 126 168 104 142 160 184 174 136 125 154 113 127 118 100 168 113 185 150 121 110 101 162 170 166 102 185 174 147 191 143 166 189 195 157 116 122 
164 193 147 149 136 113 107 156 112 189 143 126 168 130 176 174 160 134 195 170 104 196 158 150 194 169 169 120 101 151 120 141 177 140 176 160 114 197 157 194 195 171 154 151 162 108 165 110 156 104 139 149 184 172 150 128 173 188 172 187 135 100 117 145 192 159 147 182 178 192 187 166 189 167 194 108 164 156 191 161 174 138 191 130 174 193 165 187 199 111 151 144 122 166 177 145 105 171 181 136 
114 105 140 136 122 125 193 196 180 107 191 115 187 114 168 112 184 146 133 174 180 122 103 153 129 185 188 178 182 119 180 114 161 164 156 143 199 162 185 143 119 102 168 122 138 128 123 132 165 113 167 170 113 171 168 197 156 110 106 108 100 152 125 145 130 124 134 167 161 150 181 117 164 155 172 144 161 143 119 104 125 113 177 188 191 136 100 124 109 176 128 183 107 178 193 156 176 113 111 105 
174 187 149 148 101 169 135 102 153 127 184 137 136 104 137 167 148 173 187 115 128 157 111 127 179 159 126 193 185 167 187 130 182 119 190 162 153 169 151 104 126 142 163 184 142 170 131 177 113 150 190 123 156 181 141 144 135 112 122 185 186 119 110 169 190 128 142 141 187 178 186 184 120 141 147 122 174 188 183 148 118 123 171 144 136 146 126 110 107 119 132 141 162 159 133 122 151 186 142 135 
145 122 124 111 147 145 126 168 119 133 144 118 117 152 136 193 111 106 125 131 178 105 198 112 122 118 107 193 105 181 165 107 154 195 190 112 169 143 158 144 173 106 199 181 177 112 121 134 147 191 125 141 161 116 194 135 161 142 141 118 167 126 194 146 156 195 159 184 140 116 136 194 154 180 158 188 178 107 196 137 128 146 157 190 172 153 162 114 161 155 146 177 173 128 171 127 115 177 133 194 
171 102 180 124 158 129 109 124 152 107 107 147 104 168 152 122 114 174 156 137 126 194 143 101 129 176 172 109 179 157 193 197 173 122 180 192 170 147 109 189 164 157 103 184 177 123 117 197 150 190 162 178 137 158 119 178 131 193 188 115 191 171 183 117 146 153 129 157 123 159 148 190 193 192 117 166 148 188 176 175 155 167 194 179 119 159 159 175 160 163 122 139 135 132 114 110 153 161 130 196 
189 116 184 193 179 106 164 196 158 119 156 157 184 199 166 150 150 158 170 130 136 199 154 109 139 147 133 150 173 150 150 191 127 197 160 178 118 179 108 168 166 168 136 153 188 104 150 113 199 140 190 123 159 193 150 139 104 191 119 130 149 162 194 179 198 148 124 103 119 184 151 187 193 172 127 149 154 125 119 165 154 108 137 174 160 158 177 182 166 111 124 135 121 126 134 127 139 126 181 194 
117 187 166 102 188 167 103 125 116 143 185 105 129 105 157 122 154 121 121 197 129 144 169 195 135 161 188 179 116 187 199 171 183 189 120 164 146 132 195 176 165 113 166 147 186 172 173 130 156 117 191 127 138 131 156 116 162 118 150 165 175 110 149 177 154 108 132 112 115 130 178 149 196 111 140 158 141 153 154 134 193 182 174 194 198 155 136 162 195 198 135 182 191 197 110 186 116 126 104 183 
149 195 169 159 113 160 178 157 117 193 100 110 199 161 107 179 113 174 190 147 154 152 114 109 109 191 155 119 116 142 187 109 148 152 115 138 158 169 181 184 155 152 137 197 178 166 195 121 136 125 140 180 108 166 178 101 119 123 151 154 136 117 189 168 183 195 168 186 120 119 161 172 145 106 127 107 151 124 190 124 184 146 196 138 178 110 134 122 166 157 173 104 183 124 199 126 149 148 178 123 
164 113 137 193 194 178 130 113 127 187 185 108 196 133 123 134 168 107 157 119 191 101 111 139 114 187 176 119 185 166 184 156 147 180 178 131 158 133 118 108 186 196 158 198 133 107 175 124 177 175 103 117 153 168 138 150 188 170 117 162 193 170 196 147 112 186 180 133 153 167 141 109 110 143 167 163 169 151 124 127 123 137 157 180 176 194 170 174 199 103 159 175 126 101 183 165 175 138 171 140 
196 175 111 148 194 160 144 192 105 104 113 124 127 154 119 167 180 187 117 126 115 119 138 181 134 132 185 160 187 165 136 188 108 156 160 149 158 184 157 115 120 186 181 193 171 192 166 178 183 115 192 190 118 191 154 184 148 158 121 174 174 176 109 184 122 194 196 156 188 194 139 185 106 171 123 104 107 151 122 121 124 120 193 194 128 101 108 185 121 153 148 171 151 169 188 132 187 199 133 127 
150 118 183 169 146 171 199 182 186 164 160 149 190 173 116 177 137 129 141 134 114 150 154 174 192 137 115 112 132 173 195 128 123 109 159 128 192 133 189 147 149 118 160 106 153 166 181 175 192 186 137 199 143 141 195 152 101 137 106 105 168 157 158 143 158 152 186 140 118 117 171 181 192 107 143 103 133 135 125 109 199 116 135 165 164 121 121 107 108 151 108 131 176 175 169 149 107 191 154 181 
120 125 111 174 160 150 105 176 156 153 141 162 147 100 114 188 173 154 194 179 141 110 182 185 180 183 149 160 125 156 136 170 193 182 135 129 189 103 179 110 177 172 132 105 130 127 117 174 133 146 169 151 140 145 136 181 161 125 114 138 145 137 125 115 184 141 189 111 160 159 132 102 159 169 110 101 197 146 143 178 144 102 167 181 126 135 153 160 167 146 136 168 127 161 111 169 161 149 168 146 
160 165 113 136 137 182 130 128 113 123 180 191 190 197 192 152 104 102 172 108 115 115 109 130 159 140 161 100 102 154 189 115 153 155 142 150 123 186 150 157 102 142 142 100 154 175 142 163 185 185 182 111 148 126 101 189 130 159 168 172 134 101 105 108 119 185 178 114 170 199 179 199 116 151 141 183 188 132 181 135 196 106 113 165 188 102 153 185 160 191 196 181 163 190 193 149 129 119 168 149 
142 198 124 170 119 166 103 146 143 117 177 162 199 142 119 135 179 146 163 106 182 122 158 192 161 125 103 145 162 103 160 150 163 109 142 113 155 101 155 140 195 103 185 105 132 105 116 143 140 191 140 168 140 104 172 128 134 167 126 193 134 116 149 143 133 123 104 163 117 158 181 144 168 119 164 176 172 171 197 127 171 168 131 115 126 195 129 129 118 154 188 128 115 180 143 163 170 125 133 110 
115 101 102 155 162 146 136 178 164 143 190 142 140 177 170 196 173 157 194 162 141 114 143 104 101 105 197 193 148 168 113 170 127 169 132 180 125 111 100 152 131 118 162 150 119 191 115 181 153 156 181 180 165 160 141 106 117 190 163 144 172 109 160 138 101 197 131 196 110 123 164 156 191 145 186 107 152 165 176 147 125 175 122 152 100 112 102 141 170 108 112 197 107 126 185 192 128 123 117 109 
144 188 157 167 110 132 127 116 174 142 195 132 131 142 142 142 124 108 162 164 194 186 119 119 153 124 122 191 176 149 158 143 143 107 111 135 132 185 135 197 107 142 193 193 108 156 175 186 194 160 183 176 195 198 147 198 184 154 108 190 103 164 168 151 180 184 166 153 110 187 182 110 183 101 159 168 137 172 113 190 164 171 132 162 182 162 135 180 192 159 137 185 173 150 150 135 118 119 176 176 
188 131 139 119 177 151 166 167 152 192 181 153 116 144 159 158 156 190 189 178 183 138 149 182 130 120 128 147 114 123 151 199 132 165 197 171 166 149 159 192 145 195 181 196 140 165 185 171 172 172 172 128 146 141 151 195 137 104 158 163 152 143 120 105 148 127 132 167 197 166 153 122 188 137 199 115 120 189 136 195 180 186 191 125 103 138 127 169 149 137 105 178 122 133 173 159 187 184 128 156 
122 158 179 175 161 157 179 190 197 192 186 155 192 137 109 151 181 192 121 162 117 199 140 193 194 141 138 100 101 139 165 197 175 172 101 199 144 117 185 185 162 146 189 122 153 166 139 197 171 174 138 195 136 116 125 159 149 198 148 155 185 128 120 149 154 101 111 195 195 101 150 109 147 142 170 131 133 197 192 104 181 105 149 114 196 149 107 147 153 150 188 185 135 133 157 184 136 193 121 122 
160 136 195 174 158 197 176 180 192 148 187 150 128 130 190 154 177 183 101 163 113 124 165 192 149 114 141 135 189 172 100 133 116 101 117 194 175 125 167 169 129 194 120 122 137 125 186 193 127 133 176 122 145 113 169 166 150 131 186 140 194 155 143 155 128 176 152 131 121 121 148 109 150 126 181 143 166 181 161 113 161 165 101 147 126 117 145 125 139 122 153 199 177 138 168 142 190 198 128 142 
111 114 122 189 155 107 110 158 169 144 171 116 190 127 143 136 145 169 109 143 171 105 178 126 189 133 178 182 196 131 148 165 108 129 176 101 126 182 150 128 160 149 126 109 191 127 150 133 181 177 132 120 186 179 183 196 136 133 123 196 107 187 101 185 113 126 137 155 136 199 182 131 116 154 162 103 117 191 111 144 196 173 191 110 106 116 133 132 197 120 193 170 186 117 145 111 170 156 199 105 
147 190 106 103 142 106 141 195 164 130 155 101 181 130 128 158 180 127 127 110 123 109 187 134 188 120 166 119 109 139 101 159 168 170 108 131 157 186 138 122 163 183 192 193 105 112 158 195 170 135 118 171 145 156 104 144 126 187 186 184 153 186 176 103 175 144 115 142 165 101 118 151 165 182 106 108 152 189 135 163 173 184 145 115 104 125 137 139 180 129 164 148 130 149 195 117 161 120 120 148 
154 116 145 131 189 130 102 170 161 187 190 154 103 171 194 164 107 191 121 188 166 161 189 175 159 157 135 116 115 189 168 177 197 112 152 169 113 161 151 124 130 189 132 138 133 130 186 175 104 188 199 199 107 107 179 154 132 153 192 138 162 164 196 159 197 132 193 150 100 171 135 146 164 187 129 198 133 170 127 128 113 119 185 134 159 179 121 178 199 185 157 143 122 198 172 101 191 125 115 157 
142 162 124 168 136 137 122 162 110 105 154 120 105 130 184 167 110 196 118 114 155 126 180 163 100 136 157 107 172 197 158 112 118 155 106 177 113 198 185 187 179 144 195 104 123 105 125 178 118 165 171 149 196 166 160 151 125 108 199 101 121 185 199 161 108 100 197 104 141 131 113 101 194 150 188 166 134 197 166 180 100 189 143 129 197 135 106 132 185 162 191 112 131 157 161 195 139 160 141 145 
110 157 129 188 142 115 176 196 199 158 174 142 107 110 164 127 134 113 149 191 156 155 121 142 170 189 111 142 104 102 165 151 151 101 102 151 126 102 131 166 106 102 190 168 197 154 110 161 183 105 115 145 113 121 124 162 160 140 146 109 131 160 112 189 140 137 113 178 196 109 114 180 172 107 129 113 195 120 143 165 125 181 123 140 185 168 146 114 172 135 127 104 124 139 172 172 143 187 140 113 
121 184 182 154 161 100 187 174 138 130 174 130 130 141 125 169 105 162 156 105 168 161 189 172 126 186 156 151 188 112 134 146 192 194 124 131 186 162 133 174 149 193 134 156 128 151 149 178 128 196 184 152 163 103 125 110 192 162 170 160 142 143 162 134 140 176 179 165 115 158 134 192 107 183 139 104 186 163 176 146 139 162 117 185 191 118 146 193 128 192 143 105 160 143 199 173 194 112 116 187 
135 169 160 124 134 109 171 195 132 186 111 149 151 155 121 176 198 190 106 168 157 110 139 148 173 113 110 194 177 151 167 101 154 169 159 116 108 167 130 114 179 198 146 163 101 150 133 151 107 142 157 120 110 132 191 126 155 108 152 175 137 190 106 181 149 126 181 199 167 182 180 116 190 170 186 114 104 166 182 101 156 167 126 130 125 119 119 141 165 103 174 127 127 189 119 162 184 119 124 156 
172 121 141 164 182 123 144 141 181 192 116 180 199 141 127 131 133 163 174 153 189 160 159 152 185 101 163 115 193 116 115 144 194 165 142 131 136 193 196 136 134 102 194 139 173 198 164 198 176 116 142 150 142 128 152 196 141 124 180 144 140 155 126 121 152 120 128 179 175 129 119 160 139 137 176 115 170 125 130 152 135 139 103 155 166 182 155 156 105 146 132 155 158 153 177 191 197 104 178 172 
153 133 184 121 152 183 101 164 152 182 189 159 185 171 195 152 116 124 163 179 102 146 130 142 143 198 161 130 183 137 111 132 182 119 174 198 171 196 159 124 111 108 164 115 176 124 184 190 178 109 141 151 141 184 120 199 111 189 135 100 155 199 129 139 177 184 145 163 166 192 135 189 167 188 178 192 131 147 140 150 108 161 183 182 135 116 136 109 131 126 178 104 140 148 149 111 194 181 150 126 
126 144 193 197 103 154 118 151 151 109 162 105 171 182 172 145 177 135 154 197 133 136 184 157 133 126 148 141 167 172 138 133 119 193 178 163 115 124 184 182 115 148 110 189 180 162 143 198 197 104 186 162 163 105 178 176 133 171 130 175 196 110 103 124 117 151 194 120 136 136 153 164 144 135 166 167 144 128 194 198 137 165 158 141 176 158 154 198 164 162 179 157 128 189 159 189 102 134 130 108 
197 116 100 176 195 148 113 182 106 143 145 114 193 140 182 152 107 176 182 134 163 120 180 140 135 149 192 130 130 144 137 199 176 180 140 171 195 122 131 152 143 126 144 105 189 104 135 185 124 127 116 165 131 142 118 151 121 104 158 154 106 106 122 195 176 181 193 128 141 108 183 182 179 187 132 190 153 193 186 125 155 169 107 114 125 192 159 140 181 107 187 118 151 193 179 193 134 124 158 157 
153 191 173 117 165 154 136 199 169 115 114 148 177 131 189 140 186 124 171 196 174 183 145 110 180 102 122 189 198 193 141 162 111 111 142 110 194 138 110 190 109 134 106 177 179 113 119 119 175 115 104 198 199 199 116 104 141 151 148 109 130 130 121 118 106 113 183 127 155 134 190 186 144 174 180 199 150 153 170 171 131 108 199 170 168 127 127 111 124 169 188 183 108 192 167 133 191 192 171 134 
132 101 172 123 100 117 166 141 141 180 142 106 117 174 105 114 135 148 106 168 156 149 141 181 180 152 101 141 124 124 101 146 153 164 125 145 127 137 177 171 111 121 148 171 194 151 199 126 199 114 136 160 121 121 100 189 149 121 187 173 172 173 160 108 129 184 128 189 199 145 195 114 149 147 121 172 123 150 149 195 182 196 144 104 133 199 140 175 136 176 139 155 166 184 186 119 118 191 135 106 
104 184 147 164 188 113 139 190 108 181 153 129 166 139 169 151 173 123 157 139 153 116 197 120 132 156 162 151 183 173 135 151 145 117 173 133 180 116 102 179 194 196 178 198 175 134 199 131 167 170 167 154 156 178 183 123 178 152 170 143 162 124 168 165 174 117 110 159 126 150 195 164 146 142 173 178 140 109 191 130 105 122 139 132 175 124 193 189 185 150 178 165 140 103 132 117 185 154 127 104 
188 186 187 171 197 174 167 194 149 114 155 138 184 132 121 155 145 196 125 135 125 137 180 113 192 175 153 150 144 136 163 159 160 112 153 153 181 156 124 137 108 189 172 169 111 112 143 152 117 172 118 137 178 116 127 172 147 182 149 192 130 159 162 125 144 162 163 173 104 145 136 169 165 101 187 148 151 133 189 159 176 138 100 126 164 183 142 124 140 154 166 121 103 158 151 141 143 181 137 164 
153 189 160 125 102 152 195 122 103 122 131 181 171 100 157 135 166 176 199 184 109 151 154 146 117 130 152 172 137 118 126 107 160 193 163 117 135 173 180 101 119 199 118 109 148 195 100 121 159 113 156 142 148 146 112 136 187 127 151 112 136 151 169 104 121 112 150 166 155 123 162 165 190 130 146 172 120 154 176 169 155 150 108 104 173 135 121 121 121 113 146 184 182 181 113 149 185 121 129 171 
129 182 143 166 117 164 125 167 145 103 109 147 160 186 101 148 171 148 153 169 198 171 181 180 151 155 132 168 167 147 187 143 171 120 175 198 176 199 137 126 173 165 140 114 159 197 190 133 162 122 103 144 151 143 113 192 199 168 125 143 130 182 104 149 190 115 118 164 187 127 147 197 176 160 118 189 170 172 106 106 112 162 133 106 199 115 148 117 154 113 141 156 174 142 109 177 125 139 148 139 
153 179 193 159 192 144 150 136 160 193 155 152 167 175 174 134 119 173 121 140 145 166 129 127 181 124 153 197 159 109 140 135 167 161 185 137 167 159 194 164 196 125 101 161 106 154 167 122 126 194 181 166 187 104 188 102 115 136 194 162 115 126 114 125 196 111 130 169 124 196 161 155 157 162 164 171 178 150 160 149 187 117 133 176 107 176 143 171 115 145 126 148 172 167 177 171 164 184 154 169 
156 118 150 104 182 163 131 172 181 171 104 116 185 153 154 132 117 198 147 176 177 126 133 154 173 119 144 137 105 105 157 103 106 199 194 175 182 136 184 168 168 144 143 182 126 159 159 158 160 157 145 109 147 144 146 155 152 165 146 102 170 180 147 197 150 186 114 149 182 120 157 181 149 191 164 176 171 129 122 122 109 174 151 139 136 100 168 118 178 166 187 102 164 133 190 159 184 140 134 154 
171 189 190 104 123 146 173 148 169 100 160 150 109 141 191 161 104 183 187 110 196 114 108 109 190 116 180 104 195 182 136 193 164 140 143 171 114 148 152 161 119 198 128 135 138 190 126 197 143 155 110 159 173 148 184 181 124 108 119 149 139 191 115 138 104 147 109 101 118 126 149 144 189 131 118 167 175 149 156 198 183 161 196 129 181 194 199 170 131 108 198 167 100 199 165 142 127 183 120 171 
134 115 121 111 151 121 198 181 156 150 184 168 181 112 137 107 190 167 151 177 149 179 100 194 113 195 178 161 101 100 179 174 140 123 126 178 101 116 121 170 144 138 113 160 191 153 136 197 123 173 172 191 136 105 113 136 179 169 112 144 102 152 194 196 188 112 183 165 101 190 188 167 132 156 116 157 181 146 159 167 185 136 176 119 183 156 129 158 176 195 106 134 140 163 111 180 134 192 180 196 
100 157 146 198 150 191 108 143 158 140 112 182 184 187 185 122 131 195 186 190 189 174 191 123 118 197 103 152 102 106 132 196 118 175 127 184 190 150 165 179 146 132 117 157 192 118 150 158 133 175 142 140 189 170 133 134 182 102 188 136 143 173 102 198 123 192 133 154 159 104 147 105 188 176 149 196 176 113 110 114 185 113 156 104 136 175 126 127 116 177 152 138 106 139 178 123 179 136 151 162 
132 181 106 193 185 115 132 156 194 137 138 165 124 184 155 100 105 176 185 132 110 154 100 167 194 158 145 136 148 161 141 164 195 185 140 134 120 181 187 105 129 194 155 183 106 170 118 112 121 172 158 142 137 170 125 170 165 111 108 178 104 157 149 127 177 134 194 173 134 196 100 113 169 148 189 110 171 109 128 185 104 135 137 112 158 182 191 154 148 162 149 158 186 185 170 106 106 189 191 164 
199 197 139 134 184 100 104 141 128 174 123 135 179 144 163 144 179 174 173 128 107 147 146 147 199 150 149 115 165 120 156 188 152 150 189 112 106 173 190 196 160 112 195 136 164 151 147 133 180 184 114 110 123 113 163 136 120 194 155 123 103 171 189 140 103 112 153 122 199 196 194 107 133 138 101 171 149 158 193 141 127 150 152 160 183 178 192 122 187 175 148 120 120 155 152 154 148 138 122 155 
185 163 108 178 195 138 181 109 188 130 175 189 189 189 160 117 163 134 157 187 162 139 184 167 115 101 146 115 120 116 144 141 193 113 177 170 138 159 168 136 145 108 142 135 180 117 166 110 180 168 128 146 135 100 111 177 172 125 123 170 138 173 189 112 192 122 177 199 161 172 106 165 195 105 166 109 197 106 178 100 120 117 110 178 156 171 139 129 181 162 155 198 104 148 119 147 101 190 128 126 
197 127 142 100 139 105 113 160 160 160 143 126 154 117 192 163 160 119 163 121 175 195 132 134 179 120 193 165 115 154 100 101 173 173 127 195 150 139 191 177 155 127 116 169 118 148 162 195 118 125 166 156 196 196 198 163 102 139 185 176 171 195 142 194 145 119 112 175 162 136 149 101 152 190 195 139 141 175 157 114 129 100 108 174 183 136 177 184 112 110 145 182 130 180 128 172 109 186 121 148 
136 121 148 155 185 144 161 119 121 103 186 115 166 181 108 197 133 103 156 124 103 166 105 120 172 185 138 167 145 154 179 151 116 106 178 187 168 106 146 179 161 141 179 196 169 175 131 193 108 104 154 160 193 117 182 152 135 135 133 166 133 150 120 194 127 116 113 188 110 147 143 197 181 125 107 133 139 199 142 195 140 135 130 120 122 184 135 172 181 126 180 198 113 151 179 169 165 143 164 107 
144 125 149 190 169 129 118 131 187 120 198 118 174 149 125 180 155 199 199 190 182 132 140 113 139 132 183 184 143 190 196 119 184 192 109 163 180 125 107 190 129 133 156 181 131 156 108 153 155 159 112 189 160 154 121 103 154 120 101 139 153 131 170 182 183 122 184 149 157 110 133 167 141 144 120 121 143 114 144 141 143 108 177 127 151 143 118 197 184 135 111 125 153 199 142 177 142 146 144 176 
150 155 161 196 178 103 161 117 141 137 179 167 115 101 160 127 102 120 187 157 188 166 104 172 159 100 103 149 183 149 135 189 163 108 128 100 116 160 113 148 161 194 193 159 148 145 136 146 177 180 119 178 163 121 194 130 195 187 181 127 136 149 181 141 172 129 116 147 177 154 142 170 167 131 115 168 183 144 185 118 190 103 115 198 126 141 129 131 150 160 184 189 128 131 113 132 126 159 156 159 
174 148 160 134 130 168 151 114 108 185 185 163 116 164 123 110 118 119 157 111 129 169 108 154 157 180 128 192 153 113 178 145 140 163 187 189 132 192 188 193 189 172 194 131 150 178 156 113 102 179 195 185 187 183 108 197 157 149 113 123 173 192 143 141 129 124 173 197 165 100 129 187 104 174 195 158 179 134 190 192 154 145 136 186 101 142 145 117 196 162 122 172 146 113 153 127 165 162 128 188 
187 124 162 159 125 183 118 122 148 100 176 199 193 144 173 130 166 131 194 103 158 162 156 161 164 127 107 182 150 146 100 158 167 124 161 104 110 100 104 130 166 148 128 174 144 100 137 130 185 171 188 100 182 180 194 178 103 174 197 125 125 161 136 152 126 123 103 184 112 139 137 128 183 175 111 152 182 120 193 134 140 142 100 153 127 107 128 180 157 146 120 184 156 130 131 154 125 129 156 133 
130 167 117 154 160 134 127 157 197 133 197 154 196 127 162 199 189 126 129 110 170 196 181 128 193 165 110 192 102 111 129 169 142 107 192 194 105 115 161 144 168 175 168 115 195 165 183 171 160 159 123 163 118 197 163 102 143 148 110 116 105 170 157 125 146 197 164 191 130 183 173 152 171 168 177 109 107 199 156 161 109 100 187 196 116 133 184 169 169 140 145 179 123 190 177 198 194 106 170 135 
179 109 199 181 136 190 154 135 111 165 171 181 194 160 169 150 172 125 169 145 161 184 117 166 153 151 115 152 156 174 117 173 181 180 116 160 121 108 141 179 196 198 132 138 157 117 158 121 176 150 157 141 120 115 151 177 123 131 156 161 182 163 120 156 108 175 113 121 108 193 155 123 102 113 118 101 191 103 182 179 112 117 142 159 118 196 160 119 110 108 103 149 173 142 118 129 148 147 178 198 
188 112 175 198 117 131 158 192 167 126 149 141 196 130 190 168 137 110 108 196 178 119 113 100 199 188 181 118 105 194 161 151 121 122 191 174 167 129 127 117 170 152 182 147 199 163 111 112 123 146 133 166 101 144 169 110 162 155 122 197 191 162 107 148 102 182 186 125 197 152 193 173 129 183 130 105 192 121 167 128 119 118 131 118 137 166 109 192 172 184 160 103 181 118 172 101 111 178 106 124 
109 175 111 141 187 178 196 131 129 167 167 108 184 114 120 153 173 177 143 130 170 156 131 145 179 192 110 128 144 185 163 155 133 181 186 176 172 140 153 199 114 100 193 164 173 156 106 181 174 188 185 128 145 109 174 196 106 173 191 154 132 154 148 185 107 123 164 116 188 195 127 130 119 199 114 157 163 162 159 187 137 161 155 152 127 171 134 184 108 165 110 192 199 190 136 179 106 170 193 181 
169 167 163 139 135 140 122 184 188 140 128 145 198 133 184 193 102 137 164 131 180 121 121 198 184 114 176 142 161 174 131 153 143 149 149 165 152 156 129 144 129 160 151 168 128 124 136 161 110 118 189 104 189 180 118 116 108 164 104 111 157 123 185 172 198 117 163 177 148 198 176 120 123 167 115 124 189 184 184 123 162 102 142 117 179 100 164 181 134 109 100 197 157 127 174 122 145 131 150 175 
107 127 130 198 167 111 104 183 177 125 187 193 104 166 170 159 198 152 133 138 180 128 157 154 194 129 130 136 162 132 122 126 163 193 108 110 157 123 162 162 105 101 128 143 108 137 113 180 121 126 196 156 123 113 118 196 106 129 192 108 163 120 147 114 184 153 141 150 103 114 114 120 168 122 107 129 105 192 104 147 141 147 118 193 184 129 100 104 185 121 126 177 148 166 114 107 104 174 145 102 
184 108 183 179 189 128 114 149 168 181 127 185 136 166 143 185 194 151 158 147 147 100 162 132 160 122 157 160 189 186 124 144 150 155 141 193 198 165 108 176 144 199 194 170 115 186 115 169 193 123 142 192 146 189 175 100 197 163 186 119 182 174 140 194 162 142 169 153 111 126 145 109 198 108 135 113 157 145 104 181 110 199 195 196 191 156 171 184 139 192 150 185 192 118 138 149 129 152 110 139 
163 167 130 138 180 112 110 132 185 122 112 159 111 112 144 131 186 116 146 108 133 104 148 165 165 169 122 164 157 149 165 193 196 142 100 182 119 156 184 148 190 189 143 179 143 194 189 104 180 115 135 180 144 175 103 139 187 199 180 123 186 184 195 130 169 189 154 103 134 103 113 149 197 120 198 155 141 190 141 147 108 131 163 124 193 177 122 181 130 199 174 122 156 158 119 128 167 176 144 102 
128 147 199 134 180 187 177 177 161 162 131 161 178 179 196 173 197 136 131 169 196 148 142 189 119 101 148 177 179 151 118 159 110 131 197 160 173 121 157 197 135 100 197 182 179 102 173 182 114 170 115 196 197 188 157 107 146 103 178 101 188 142 118 159 136 110 112 139 116 193 139 148 106 115 151 193 103 137 178 149 158 116 168 101 182 171 195 139 127 124 114 142 156 144 144 187 194 106 119 135 
121 187 130 104 196 166 137 162 187 123 129 105 100 172 140 138 157 164 171 141 177 124 189 176 171 134 133 154 196 190 121 116 117 104 197 158 192 174 112 174 106 136 190 150 164 147 158 172 188 105 137 126 113 188 160 179 162 168 124 190 156 102 135 153 161 195 149 124 115 117 155 145 136 191 168 107 180 121 116 151 192 119 158 107 137 192 197 111 182 130 117 104 117 185 183 145 115 139 169 109 
138 163 199 132 175 181 196 188 100 117 197 143 152 134 112 181 193 135 182 110 136 100 145 182 182 122 197 171 121 102 180 129 111 135 107 152 166 104 156 172 157 194 144 128 140 182 140 101 148 193 104 106 142 155 120 171 154 131 117 134 192 148 115 181 177 157 173 180 151 188 188 112 115 191 108 153 175 103 116 136 130 169 120 159 142 174 187 132 146 138 167 143 189 106 185 174 160 139 109 158 
175 171 118 183 174 144 143 101 118 166 181 185 193 197 193 179 115 144 181 136 167 183 158 132 153 125 141 139 174 194 179 173 154 169 139 126 188 114 104 163 142 169 127 135 121 139 158 164 165 139 129 186 151 104 190 198 160 164 189 130 152 180 127 180 196 186 130 194 184 174 125 101 163 166 125 197 182 155 110 183 129 183 172 122 154 136 127 159 115 112 175 188 149 159 167 187 113 150 106 134 
172 189 195 115 125 169 197 195 158 177 138 199 162 161 140 116 126 114 109 155 153 172 145 195 110 196 170 137 128 173 155 136 167 162 157 111 198 176 135 133 178 178 140 196 142 161 188 109 141 108 141 114 161 187 121 138 114 169 189 110 116 117 133 159 149 168 107 139 158 197 112 193 153 155 133 130 156 194 157 199 117 195 157 124 141 195 186 122 123 190 161 176 173 179 177 107 131 102 196 147 
199 117 109 121 194 113 194 170 137 140 157 182 101 143 117 154 118 165 100 195 170 144 130 117 114 151 195 132 166 129 175 188 136 143 177 105 179 183 100 175 118 171 135 155 157 132 137 126 157 127 100 178 120 142 184 178 106 159 175 175 160 144 139 138 126 162 191 115 159 175 149 127 125 154 188 177 132 195 134 167 191 108 170 158 122 110 122 119 126 180 162 156 124 115 172 118 136 196 101 130 
116 148 154 152 108 136 164 165 101 109 108 173 148 163 175 117 146 141 160 121 130 146 132 104 175 172 120 183 153 183 185 106 149 136 103 163 125 192 174 132 165 133 151 105 199 119 127 145 124 197 109 129 169 114 199 106 154 156 163 134 136 178 135 171 124 138 171 164 165 100 108 152 123 122 164 194 167 103 189 180 130 148 189 199 194 174 195 154 142 152 153 165 117 103 165 103 140 163 129 102 
101 192 156 108 102 194 118 168 133 140 177 197 113 182 177 175 176 133 103 102 139 180 100 125 137 105 157 163 182 125 152 157 107 143 190 177 100 119 125 151 178 173 154 196 133 152 147 127 124 119 113 152 128 182 131 145 179 176 148 120 102 119 178 167 135 138 168 159 150 118 104 102 156 193 113 190 102 119 129 130 185 143 126 101 191 161 197 161 172 149 198 181 135 145 131 106 138 179 168 153 
112 138 100 153 101 137 178 166 199 170 110 174 123 173 143 108 140 111 105 153 174 181 113 177 150 111 138 114 140 101 147 174 192 198 186 138 161 155 153 151 162 111 198 146 144 194 159 107 171 198 193 147 196 171 149 149 125 127 188 191 124 127 114 163 199 116 122 106 102 110 112 188 135 196 123 124 160 116 151 168 136 142 139 115 149 117 192 115 135 127 136 162 145 150 147 157 182 111 186 101 
165 169 135 151 167 198 183 106 131 194 106 144 176 164 196 172 139 111 165 184 192 186 126 196 135 185 113 175 105 191 136 105 176 132 175 173 169 104 160 173 125 120 117 162 101 104 190 197 151 124 145 176 173 190 146 146 192 178 100 196 136 193 177 177 120 114 173 119 168 189 176 166 164 143 175 185 166 104 196 186 120 129 197 129 102 130 120 189 186 167 106 188 126 193 175 181 180 153 188 174 
117 157 184 116 136 161 122 174 125 125 115 177 109 182 152 172 172 183 128 100 173 196 170 152 132 187 175 141 191 161 100 141 124 159 162 127 159 128 146 134 148 198 193 127 126 119 176 117 102 166 170 192 146 169 168 148 172 129 102 114 192 129 129 101 197 155 122 174 180 131 151 117 108 164 119 134 169 101 175 195 158 168 180 138 113 146 146 131 163 120 135 127 181 142 135 155 138 191 113 178 
172 145 194 102 116 153 132 199 118 114 183 107 147 136 165 102 155 111 149 194 133 131 164 196 192 151 162 125 119 142 156 124 107 157 170 194 184 179 112 170 152 131 140 113 172 188 177 184 152 183 140 148 173 154 130 195 102 126 197 139 106 185 109 157 151 188 194 178 103 181 143 109 187 147 135 122 140 140 163 139 184 166 153 152 119 188 197 153 124 166 151 175 169 149 131 130 180 122 187 106 
136 101 114 136 155 155 150 116 187 149 189 195 121 172 138 176 113 191 144 100 182 114 171 143 136 175 177 144 159 129 144 122 167 156 124 199 156 159 115 193 151 140 109 182 111 170 173 152 123 132 171 155 166 194 144 195 103 120 129 148 132 131 187 133 142 103 167 175 174 110 116 133 116 163 198 148 178 177 165 173 192 196 110 121 191 181 188 185 106 116 182 121 173 117 186 151 103 122 135 139 
134 176 110 109 132 168 104 154 113 175 138 140 108 151 134 136 167 133 125 168 184 101 101 143 142 120 150 188 176 122 195 145 161 110 109 102 119 111 148 128 168 150 135 172 198 105 162 184 130 134 123 179 103 153 135 112 154 135 122 137 108 106 137 156 182 136 140 199 131 134 150 136 116 167 162 118 151 142 145 141 188 105 172 140 155 136 154 122 114 134 123 161 192 168 178 105 102 165 132 172 
179 146 121 187 152 188 135 136 162 187 113 123 186 158 173 140 182 136 146 135 167 148 132 175 163 142 153 155 145 197 141 169 195 161 181 117 150 147 116 189 123 116 122 186 162 187 140 157 146 120 190 147 101 153 159 168 109 129 125 108 116 155 166 105 157 178 145 100 113 165 168 199 156 180 137 140 180 197 107 150 163 133 102 154 173 157 182 121 198 171 148 191 178 143 117 196 150 113 182 146 
107 147 102 105 183 163 171 183 105 188 108 140 184 126 193 159 133 151 174 167 101 152 182 174 129 193 173 157 138 183 167 194 107 150 164 128 112 173 130 157 118 114 146 164 164 193 141 124 171 122 177 167 125 168 135 187 114 107 151 163 127 126 179 158 123 125 153 177 174 117 197 117 153 190 196 154 129 145 184 157 122 117 120 178 140 174 122 104 108 153 123 114 141 117 102 190 186 149 140 187 
108 116 133 160 191 137 180 138 129 163 181 100 118 132 127 151 155 161 180 181 131 132 134 124 169 158 121 100 155 135 140 104 123 106 160 188 152 120 132 133 168 165 176 177 189 191 170 197 145 171 101 119 119 120 123 123 134 190 117 124 199 106 141 116 118 112 112 134 105 170 176 166 153 129 141 143 167 125 129 199 103 133 100 143 191 105 127 159 195 141 189 119 190 101 101 160 197 135 127 139 
105 197 100 184 132 192 196 186 164 174 198 123 134 155 136 119 171 194 152 111 162 139 116 144 189 101 103 158 151 184 108 179 136 197 197 154 112 158 116 104 144 152 144 183 123 134 179 108 149 198 177 114 115 177 128 134 185 192 163 112 186 158 196 128 121 116 111 197 155 199 179 123 145 187 182 156 191 121 187 190 148 164 143 155 187 195 103 168 133 106 121 191 112 160 175 170 140 101 143 151 
196 165 185 117 198 192 156 172 186 100 163 125 185 146 127 137 100 114 192 148 181 131 107 166 152 145 128 186 189 145 114 181 110 169 104 114 162 174 189 100 165 177 171 133 105 126 184 135 165 140 190 147 118 149 132 143 131 101 141 158 191 171 117 130 195 116 199 126 186 154 103 131 116 176 111 109 155 127 167 158 158 194 179 122 145 195 147 178 180 159 169 122 122 185 121 176 172 169 130 104 
140 196 160 143 122 148 193 181 163 167 125 124 122 124 128 198 150 137 179 154 173 138 108 133 102 194 110 177 132 119 142 164 192 153 193 108 177 192 110 191 109 118 151 172 197 147 162 170 192 192 137 153 177 175 168 198 131 155 199 142 156 114 182 144 120 153 121 100 118 124 173 159 193 145 165 168 143 143 129 104 108 191 132 161 185 128 101 186 102 164 125 194 167 148 141 137 100 172 136 116 
126 160 148 192 170 100 189 134 191 194 173 172 174 194 131 182 138 113 109 195 156 191 183 186 129 120 151 148 163 127 179 137 123 107 158 137 120 157 119 165 197 159 187 158 153 169 198 138 170 141 104 117 192 139 121 176 113 100 166 119 184 139 130 148 198 192 157 157 137 108 196 191 113 192 119 193 199 189 149 183 154 163 169 192 143 175 143 129 149 177 178 187 106 110 132 137 153 159 175 177 
150 190 157 122 175 136 186 176 196 111 146 143 116 127 156 177 123 128 149 193 162 195 187 190 184 162 136 165 175 166 147 127 159 101 105 123 139 118 162 165 114 107 101 199 186 107 152 165 149 128 113 191 129 127 127 116 127 154 139 139 107 106 199 143 193 109 197 178 179 109 126 127 170 151 158 192 141 128 127 105 170 159 153 113 152 163 194 127 195 129 100 131 165 177 136 141 127 161 146 164 
186 131 194 101 107 138 171 172 147 184 164 117 160 147 181 197 119 194 194 139 152 145 194 110 115 168 161 128 102 136 145 141 192 150 168 100 158 101 192 168 173 122 155 111 177 175 143 130 189 160 161 137 172 139 149 122 124 191 112 195 195 107 125 185 130 105 181 182 146 110 181 133 123 111 183 174 198 111 185 109 145 193 121 171 143 198 198 111 102 157 111 197 156 127 126 162 184 188 165 153 
165 189 149 195 185 177 130 102 105 170 146 188 146 156 151 152 125 105 174 185 158 107 129 103 173 139 100 178 108 158 174 184 138 174 151 133 158 183 134 156 167 116 117 189 120 183 100 125 127 130 166 172 191 194 156 148 143 163 123 103 195 142 112 106 145 175 134 107 109 127 183 104 159 100 178 189 162 105 125 179 187 188 121 181 146 172 174 197 143 159 191 115 123 190 191 142 126 181 121 117 
116 157 188 174 135 185 111 109 127 163 154 136 157 176 162 138 174 148 168 113 105 100 139 198 174 114 173 145 163 103 145 121 136 198 137 153 153 104 182 115 179 195 167 190 139 119 135 116 134 125 162 109 145 112 195 139 174 159 176 192 177 140 188 105 113 125 103 175 161 163 187 193 187 169 165 194 117 184 175 194 158 159 184 155 136 118 134 136 152 193 119 114 126 124 120 103 169 112 154 175 
101 178 112 172 112 168 169 131 165 184 162 103 159 139 188 145 151 187 194 128 179 147 142 175 146 124 163 167 138 114 122 135 129 185 115 186 138 188 164 107 130 190 149 191 127 178 122 185 173 189 165 188 140 109 169 102 125 173 165 110 192 162 190 138 178 194 197 181 142 121 130 195 153 184 158 144 172 179 142 133 119 186 183 170 176 137 143 168 181 147 169 157 191 166 138 110 120 198 166 163 
122 140 146 160 143 117 149 146 195 135 181 154 137 175 183 120 178 119 132 128 156 152 190 179 195 138 190 194 137 158 176 192 195 142 170 113 150 162 133 181 111 178 131 194 185 121 113 190 174 103 132 184 197 176 115 197 144 199 189 195 154 164 183 132 135 173 195 190 118 130 156 146 107 161 156 180 100 192 102 188 102 140 102 123 143 137 113 193 102 135 174 166 184 190 149 189 196 103 192 143 
161 187 140 193 100 116 112 177 143 158 106 148 171 177 131 166 165 159 179 197 160 107 105 168 119 107 140 168 171 117 194 190 152 176 113 134 154 107 149 139 102 153 151 127 162 191 192 120 123 128 179 100 173 171 150 183 173 130 166 175 188 144 161 148 182 167 134 172 168 162 117 149 108 179 186 199 111 142 110 128 189 147 155 110 170 125 107 123 163 196 157 162 159 144 150 122 193 115 101 156 
178 137 131 174 174 123 146 191 144 170 178 181 171 105 170 119 123 172 119 199 165 194 166 184 133 147 110 108 163 127 161 130 101 143 105 120 124 164 193 158 113 186 195 167 136 146 107 127 186 145 146 158 134 147 159 143 158 168 171 174 157 122 133 111 191 126 103 131 155 195 174 173 155 142 166 120 145 175 174 126 155 159 138 142 193 103 196 103 153 187 147 119 144 182 114 112 193 180 119 136 
146 102 166 102 172 132 148 191 121 105 167 176 127 141 199 167 147 197 186 118 191 127 135 105 181 178 186 129 106 111 126 116 114 109 150 174 194 188 176 137 181 114 135 158 156 145 114 187 100 105 179 133 157 125 105 183 149 181 130 163 152 162 144 111 143 186 163 105 189 180 129 180 198 147 168 113 135 165 107 155 159 135 112 175 191 109 171 127 176 165 139 105 101 188 174 164 180 110 122 146 
192 167 172 186 194 129 185 121 126 179 140 118 153 130 110 116 157 194 114 166 112 134 146 144 146 166 105 160 119 103 192 190 125 115 127 121 167 123 183 107 133 125 129 150 117 129 187 156 118 104 165 199 107 153 142 120 157 192 190 146 191 188 135 161 104 162 112 171 170 168 113 181 165 110 123 122 123 175 194 147 133 197 105 172 153 166 130 166 116 142 186 166 183 110 199 154 139 129 100 113 
109 132 180 188 183 177 118 189 176 170 181 110 144 181 198 147 101 159 136 124 120 180 154 143 179 162 145 199 140 111 191 163 147 154 183 108 170 115 130 193 195 130 186 169 133 188 182 128 180 106 124 121 145 129 169 123 166 187 161 148 106 163 104 128 180 184 127 171 101 155 122 162 197 123 156 162 147 133 198 167 171 140 183 135 133 187 198 187 153 146 101 101 121 139 148 184 130 162 128 131 
138 199 112 143 175 187 184 176 143 115 170 169 136 123 123 195 159 162 109 124 116 179 165 171 152 197 137 160 125 156 100 150 122 177 110 153 143 176 121 105 147 151 122 110 100 190 192 166 189 100 106 161 188 131 121 103 142 167 113 169 104 191 139 114 150 161 126 138 151 117 104 101 118 131 141 138 143 148 147 179 138 103 135 195 115 151 170 131 164 104 121 142 184 164 115 158 175 113 188 105 
189 126 113 198 144 124 158 153 102 131 169 132 160 196 164 106 155 173 176 135 172 104 124 117 128 130 194 196 162 168 144 105 179 148 159 162 152 108 138 160 107 145 197 184 164 122 107 144 181 101 118 156 169 102 199 135 172 126 139 126 102 159 176 184 101 132 192 148 111 119 125 108 105 134 163 193 129 154 105 187 124 118 126 150 139 158 162 163 149 109 189 112 194 179 155 118 130 191 134 139 
112 173 196 148 148 193 160 152 140 111 185 174 137 125 133 145 131 134 107 127 192 142 184 118 132 138 173 198 157 198 179 196 160 145 137 176 195 147 199 135 198 145 115 119 170 127 170 125 102 139 108 132 125 167 131 179 190 135 146 102 112 173 187 107 187 162 119 124 177 158 164 182 190 174 132 124 183 105 162 120 121 145 100 150 142 143 113 156 175 194 188 167 133 140 194 138 187 105 191 185 
132 156 199 166 151 184 133 174 169 183 192 136 195 161 100 178 183 113 142 112 145 152 149 185 177 156 100 121 194 137 124 185 164 128 196 112 135 151 155 115 115 150 126 166 197 156 123 189 186 143 177 107 188 131 128 185 195 155 108 136 118 191 154 143 187 112 168 156 114 109 132 160 189 187 147 134 154 145 182 167 164 176 189 183 151 117 138 110 170 116 141 163 147 191 124 177 127 191 177 107 
152 187 180 176 197 140 113 141 156 176 141 169 166 115 176 104 190 169 105 188 196 126 144 190 134 165 161 183 194 192 145 142 124 146 175 130 133 150 171 199 147 121 106 157 156 188 132 118 118 129 111 143 100 180 123 152 123 153 162 194 186 158 193 120 187 168 168 106 109 173 180 172 103 174 107 130 114 136 129 100 189 182 190 136 103 185 134 143 147 168 122 166 110 168 177 175 123 194 100 178 
100 198 158 120 153 141 104 146 115 187 181 120 125 173 166 197 147 185 141 122 111 148 103 146 170 153 194 104 103 137 120 152 163 140 172 169 178 199 180 102 119 102 106 148 159 197 138 146 184 164 161 130 196 193 154 196 121 145 196 162 159 119 128 162 170 126 103 175 133 172 163 124 164 179 178 199 134 149 135 112 152 154 185 127 182 107 148 192 197 116 100 156 192 188 180 138 182 161 165 116 
168 119 170 130 192 129 199 178 140 139 137 145 101 111 158 170 170 114 145 166 139 143 199 157 191 182 147 110 167 128 129 188 175 145 109 197 161 194 174 148 191 121 184 177 173 148 197 196 121 105 164 145 187 164 190 101 162 129 165 188 194 165 139 114 155 137 119 103 142 103 104 198 159 186 144 171 182 181 179 102 105 145 138 110 183 177 197 171 197 162 137 163 125 189 103 181 160 144 140 152 
171 172 193 116 114 162 161 140 119 155 111 183 102 175 160 167 180 118 190 195 158 104 144 126 180 110 171 152 170 150 198 173 190 157 195 100 133 199 166 146 158 115 109 100 186 155 139 138 113 173 160 172 143 164 113 182 171 135 134 186 135 167 177 153 115 164 199 175 144 146 144 191 158 121 115 182 102 154 183 129 129 174 180 137 196 141 123 174 159 124 197 156 183 137 125 116 151 199 156 173 
107 169 170 169 193 191 128 178 136 145 199 165 173 187 127 116 107 122 126 155 131 162 113 138 159 177 149 160 192 122 149 197 155 113 114 168 176 163 123 180 134 138 166 118 114 152 101 143 172 118 132 102 163 108 138 143 169 151 172 177 105 196 164 154 197 149 131 102 124 190 135 198 154 123 184 180 161 191 164 176 109 155 114 166 138 118 120 103 140 180 130 131 154 104 181 156 135 140 111 197 
179 167 104 119 157 185 104 139 111 136 100 163 142 143 121 194 114 109 133 175 149 169 194 114 184 161 123 170 131 143 178 156 113 179 131 171 185 151 148 177 172 106 165 176 170 125 127 132 151 125 102 165 165 108 179 154 101 127 113 186 165 199 142 186 103 149 185 186 119 102 122 193 196 108 155 159 115 180 148 161 159 198 177 160 152 191 158 172 131 164 181 144 166 177 140 153 143 157 145 172 
149 198 197 160 106 167 137 130 117 172 185 112 131 127 110 101 174 166 101 181 194 107 155 185 149 102 169 149 104 129 129 146 190 145 147 198 130 190 141 189 130 145 112 105 158 132 102 126 173 161 160 156 149 173 129 151 198 144 196 181 108 118 130 170 132 190 180 186 186 106 150 128 166 185 175 143 111 115 173 169 166 141 155 151 143 106 189 184 118 186 148 122 141 149 158 123 186 146 151 172 
162 182 124 135 125 192 146 114 172 130 153 151 167 109 190 129 168 190 183 107 142 109 138 123 150 109 143 153 150 113 104 186 125 162 127 187 143 117 141 168 176 163 156 167 195 128 116 178 124 154 117 164 121 194 117 163 198 109 181 122 170 158 143 135 123 181 174 169 180 117 152 126 157 184 131 146 115 123 158 190 186 156 168 153 155 165 140 199 158 107 142 194 158 179 126 180 138 119 108 101 
111 190 167 171 169 156 175 118 179 183 148 184 182 140 193 122 180 185 115 185 118 151 174 195 184 167 106 176 118 197 162 126 124 119 134 152 181 164 103 164 118 181 183 186 166 147 171 179 139 132 101 190 152 181 171 100 144 111 122 132 139 156 185 131 110 131 153 120 169 108 125 161 115 194 196 144 184 144 187 195 187 161 119 184 113 139 102 107 194 196 158 101 196 139 171 116 170 151 108 150 
146 119 189 100 123 190 123 100 188 184 111 110 186 110 149 102 168 185 110 188 118 129 106 148 133 196 103 135 177 184 142 138 123 197 118 196 171 181 123 198 171 153 156 195 112 158 181 192 159 114 158 129 108 104 111 119 134 151 144 171 169 115 134 138 165 102 102 169 186 103 138 150 110 127 195 117 153 101 103 101 153 124 108 194 146 182 134 193 167 105 162 194 161 153 199 157 193 164 102 134 
145 193 133 158 181 138 181 189 171 186 190 186 192 120 127 196 155 158 164 131 190 137 140 158 107 105 133 108 126 162 116 126 109 178 197 178 133 119 174 166 156 104 125 134 182 124 132 161 174 156 157 123 135 106 179 111 106 135 176 174 149 176 174 186 107 127 128 136 119 190 195 102 164 112 160 111 190 147 139 151 170 123 199 172 126 198 159 184 160 183 195 173 121 198 123 142 124 189 162 151 
182 127 162 139 134 182 163 149 146 148 163 187 154 176 193 137 123 169 146 121 137 159 104 155 119 142 129 113 193 159 125 182 172 171 100 125 150 161 182 114 161 163 199 199 156 146 107 169 197 115 134 155 173 128 191 184 132 146 158 196 156 110 195 194 163 161 118 183 199 153 171 162 154 130 179 144 160 134 196 158 158 170 187 183 154 169 169 122 109 151 188 189 177 123 147 111 142 104 134 114 
171 100 160 120 151 143 183 132 190 198 136 189 198 129 144 123 170 112 136 182 130 151 135 112 193 162 140 197 161 137 186 157 111 145 123 120 193 117 192 173 147 110 135 113 180 101 171 126 137 186 116 126 172 157 150 197 191 197 137 142 195 179 151 147 102 115 172 116 161 112 174 152 129 126 164 116 144 153 139 126 113 154 195 105 134 199 141 131 188 179 129 134 168 164 147 141 112 134 106 106 
143 164 177 141 126 145 132 191 125 173 176 184 158 168 142 144 132 145 129 176 115 126 131 151 121 154 105 112 101 184 100 152 142 162 160 166 178 135 168 102 187 134 187 100 150 112 100 194 165 158 158 139 168 129 169 174 144 110 172 194 134 127 111 132 161 151 123 194 157 163 191 104 149 143 141 138 132 147 167 116 131 132 130 123 150 121 160 104 170 177 139 198 156 181 135 125 145 177 147 171 
194 189 140 116 121 156 146 114 157 188 116 189 100 171 170 123 132 160 119 128 125 176 182 120 171 159 171 145 189 199 194 100 125 125 153 199 193 143 145 180 178 184 157 156 177 195 126 142 172 193 146 131 112 190 118 129 190 115 182 177 126 162 164 110 154 183 147 193 171 146 160 123 185 110 137 141 164 105 162 136 104 189 186 183 124 106 125 179 195 187 123 144 144 103 191 158 190 156 174 140 
193 163 139 133 112 173 195 158 143 113 158 125 190 197 145 125 106 104 119 113 156 180 179 127 165 155 150 166 117 162 139 199 176 106 137 188 121 135 165 117 105 109 104 112 198 130 166 139 155 192 149 174 143 151 179 115 186 111 114 177 103 178 122 166 144 121 194 176 184 111 173 184 107 123 113 123 138 168 181 109 102 180 154 144 162 190 115 186 122 122 162 113 126 174 122 199 102 105 145 112 
108 193 102 133 161 127 152 124 116 138 104 181 155 141 109 128 192 132 108 145 111 185 199 125 110 134 167 109 135 110 108 114 112 128 170 196 143 146 154 174 166 169 110 100 103 184 174 166 189 179 175 143 122 100 196 194 195 151 144 176 199 135 169 181 131 145 193 181 164 166 102 129 185 135 122 151 102 183 130 148 141 143 159 192 115 181 184 127 139 101 183 130 168 190 149 169 175 184 175 187 
135 155 174 137 164 109 144 145 170 142 103 140 137 168 126 153 108 143 167 164 103 162 161 102 160 158 140 142 155 117 161 125 179 162 132 120 139 122 139 169 110 149 118 163 170 111 133 143 133 194 131 149 163 144 176 126 124 197 170 130 187 138 168 145 136 121 180 178 154 196 150 102 195 166 122 128 155 188 132 112 150 161 178 147 167 196 196 163 183 161 128 120 195 175 157 199 140 108 173 170 
143 131 180 198 178 180 125 148 193 177 182 156 118 170 116 105 192 114 150 104 120 131 162 125 190 123 106 176 122 115 148 127 186 116 158 178 128 115 150 168 142 103 141 131 140 166 195 176 178 136 150 178 169 160 132 183 141 126 128 146 134 167 189 181 117 134 134 182 144 198 193 118 146 154 114 141 174 148 105 155 192 171 114 158 156 177 198 112 102 169 168 151 148 161 121 163 153 142 167 109 
152 137 122 143 135 107 156 100 175 109 194 153 149 105 125 168 179 111 167 171 114 168 131 162 192 113 169 129 118 181 146 107 192 129 153 148 101 125 148 159 143 150 186 103 101 157 186 171 118 150 195 111 160 119 191 121 123 145 172 162 184 169 116 128 120 194 129 195 146 146 190 131 148 163 191 189 119 178 125 137 152 128 192 153 108 109 194 112 108 179 192 120 188 181 149 186 184 127 181 141 
164 197 142 187 130 107 148 125 150 155 130 184 156 180 128 144 119 189 117 176 168 116 178 104 125 130 181 164 114 189 156 140 159 137 111 164 144 178 185 141 127 187 150 167 182 156 100 134 125 102 171 190 127 174 190 197 191 182 139 114 130 148 141 194 114 173 160 195 103 109 147 189 133 106 107 170 111 100 170 143 140 110 138 199 106 138 149 196 143 182 159 139 170 162 117 185 177 165 176 124 
167 174 148 160 136 121 170 138 179 108 139 159 177 114 143 155 107 153 141 169 145 165 197 135 118 102 178 111 154 116 148 179 125 104 126 141 118 192 166 185 188 148 125 173 180 107 109 107 164 157 105 123 196 186 137 112 145 111 193 145 101 146 118 114 178 190 142 192 167 147 122 188 170 184 109 190 173 104 126 101 192 197 100 142 114 199 102 180 187 131 118 137 100 143 150 110 152 153 131 177 
167 107 199 177 188 119 146 107 141 183 127 111 167 152 143 141 167 172 123 158 161 185 149 148 196 197 157 183 145 111 128 105 180 196 178 198 120 124 127 178 160 118 196 149 112 151 175 146 179 108 165 158 177 132 178 102 161 188 187 192 185 124 145 172 130 168 183 131 189 124 106 172 140 132 166 116 194 158 198 156 114 133 170 178 117 106 123 111 135 186 134 158 173 170 122 138 150 183 181 115 
171 117 125 103 171 151 130 149 152 155 100 168 125 154 151 173 191 127 112 100 168 172 143 167 189 109 182 155 167 178 174 159 192 132 106 157 114 174 121 180 187 104 183 167 174 157 192 137 105 127 148 165 129 124 139 109 174 141 112 101 132 112 187 133 149 183 162 138 145 152 195 130 125 120 176 112 130 188 119 164 115 162 114 130 133 111 148 155 185 179 131 179 154 198 141 114 196 198 157 119 
177 170 143 100 166 163 143 184 180 125 178 138 153 131 127 134 189 122 103 181 192 100 147 182 102 112 109 144 128 192 171 184 133 151 103 175 111 199 151 129 189 104 112 196 140 191 133 166 117 198 135 153 181 174 144 100 140 147 119 166 193 170 104 153 162 134 198 168 199 181 138 111 162 132 136 148 134 140 177 126 104 193 193 156 167 158 176 113 170 122 184 124 110 139 164 179 118 133 111 195 
160 111 183 173 177 103 174 191 137 137 112 134 135 187 138 195 185 178 154 103 176 117 131 188 124 163 186 185 146 111 176 195 148 114 110 191 125 124 194 176 109 120 103 198 117 179 121 197 175 189 130 163 124 198 126 134 166 140 125 122 155 140 147 100 100 101 161 108 185 123 174 121 130 101 198 132 197 165 103 169 118 122 146 144 154 191 143 102 172 103 146 157 120 172 184 118 135 163 171 161 
102 172 107 162 109 170 123 137 186 111 154 144 183 106 157 192 183 133 176 174 190 142 147 142 125 181 160 168 105 155 133 160 104 198 160 163 136 129 176 174 143 117 171 125 150 139 134 110 175 187 167 178 115 113 135 148 148 188 141 102 187 130 100 181 106 193 164 172 125 142 161 140 182 132 109 198 120 156 143 175 158 148 141 111 153 125 102 169 189 178 143 188 183 163 105 120 137 128 111 140 
111 109 176 145 185 151 103 156 107 146 175 186 188 123 146 189 142 115 142 105 190 196 140 127 164 139 128 172 133 106 107 132 120 146 174 151 156 197 190 116 169 153 151 177 153 189 159 117 186 156 108 199 138 134 156 196 184 184 179 115 188 127 168 140 161 176 148 122 105 179 185 137 181 102 167 125 166 151 182 171 145 165 155 171 182 102 115 133 167 196 182 163 190 112 161 161 112 177 194 152 
103 176 137 117 114 114 162 168 165 158 150 182 172 106 149 156 190 114 104 148 134 147 164 140 165 106 145 152 189 100 143 186 100 143 156 122 115 114 157 151 162 171 110 187 125 153 124 140 131 178 122 122 197 171 193 191 102 191 131 122 138 102 146 140 178 161 151 169 194 199 124 146 129 118 169 199 123 166 140 114 183 174 159 159 155 157 196 104 171 143 164 137 172 183 190 191 165 183 106 119 
174 190 141 155 139 181 105 122 114 102 142 142 119 133 102 153 122 152 109 177 158 111 169 113 173 144 157 154 115 154 109 134 127 165 168 114 187 101 168 151 144 191 148 198 194 184 100 114 157 177 148 140 138 101 157 189 107 109 150 118 155 156 118 114 188 148 166 128 102 101 194 164 115 134 155 174 146 112 190 194 179 171 171 155 187 195 151 131 117 191 135 120 118 106 145 107 163 123 188 100 
150 103 146 156 124 111 156 144 122 162 192 137 167 100 178 158 126 143 197 116 167 150 151 113 112 116 157 127 108 112 134 119 157 136 107 170 121 170 192 190 104 135 144 171 165 146 160 124 184 193 162 120 185 174 191 168 117 160 146 183 194 191 190 112 159 159 171 156 117 156 179 120 157 180 128 193 112 125 106 161 145 123 167 150 108 150 147 164 182 173 169 162 112 126 153 157 133 139 165 166 
102 139 100 168 182 109 190 168 107 174 166 129 175 108 138 161 196 113 141 105 109 178 172 198 131 187 195 149 152 104 114 143 152 167 115 115 100 176 191 171 193 129 179 192 102 154 139 153 171 164 108 163 135 172 148 143 130 135 150 134 128 189 187 169 175 188 173 148 150 109 153 197 147 145 132 136 192 179 131 100 128 163 197 146 140 176 185 157 179 165 175 153 192 142 163 137 137 126 153 141 
146 196 163 168 143 101 107 126 199 194 106 158 119 166 141 139 166 134 194 103 195 154 126 198 144 135 166 176 102 192 183 176 149 152 117 154 191 184 124 158 179 111 192 104 112 133 115 155 178 199 123 137 174 147 110 127 151 193 163 140 144 150 120 179 120 193 155 145 188 147 192 144 127 108 165 130 103 156 191 197 152 149 164 134 106 176 177 184 195 166 122 144 179 110 117 196 197 133 177 196 
122 139 168 153 199 110 131 122 113 119 193 147 142 188 153 161 151 114 114 170 132 122 138 144 180 164 148 148 130 119 100 116 105 164 144 174 188 195 184 184 150 129 128 196 102 116 169 125 110 122 118 146 180 130 184 189 198 157 128 164 172 185 139 130 166 106 118 143 142 134 173 191 166 197 107 187 125 135 156 186 150 179 197 132 174 158 129 182 144 103 105 193 135 140 150 181 164 106 109 165 
193 139 130 116 184 151 128 101 177 127 100 189 158 114 157 110 163 145 127 148 168 156 134 112 102 188 137 125 149 121 107 156 176 111 110 154 144 165 145 181 116 134 153 152 192 180 131 129 135 163 138 182 161 136 132 184 133 195 115 181 163 113 102 109 190 117 136 100 188 100 169 154 185 117 141 110 134 198 175 150 118 130 105 192 162 111 142 192 156 148 194 180 142 127 120 149 176 110 134 131 
179 192 183 119 173 144 181 136 142 126 111 185 124 158 150 137 168 178 129 137 192 197 120 134 125 107 115 196 124 114 111 126 178 186 157 194 129 178 118 145 109 163 174 169 128 161 145 114 189 181 154 145 184 102 195 175 163 107 175 115 100 195 142 114 175 186 180 152 127 121 157 124 150 180 121 181 171 159 111 148 111 174 172 161 144 138 159 138 114 115 170 143 114 121 120 116 156 142 176 120 
118 106 185 162 188 130 136 152 107 168 135 110 112 174 163 119 147 170 107 196 114 164 170 174 149 133 120 186 173 137 170 122 110 159 113 164 197 177 146 156 126 145 101 196 131 183 144 146 137 122 198 152 157 160 109 176 122 133 193 197 106 149 160 137 163 162 164 157 108 163 137 114 167 164 183 174 181 143 134 119 171 115 119 176 135 113 149 167 124 163 111 130 136 138 198 192 118 161 107 158 
109 121 190 195 126 105 161 130 153 142 133 144 115 106 149 153 152 148 161 193 148 196 197 193 116 120 129 146 189 130 131 110 131 167 146 170 155 166 169 197 153 159 165 182 187 110 148 184 151 143 198 162 194 105 146 149 112 139 108 133 123 142 183 156 110 191 169 114 112 187 126 174 105 199 163 143 161 162 158 146 112 154 112 166 135 194 156 116 149 106 131 171 125 153 180 154 124 167 128 199 
116 103 144 171 141 196 163 160 112 162 124 139 148 190 148 157 105 180 179 101 112 184 169 141 137 143 116 161 134 197 163 180 181 102 145 118 141 165 100 128 193 118 180 179 115 176 123 108 133 113 194 147 198 123 120 155 187 110 187 178 152 144 150 163 135 104 199 199 128 160 141 177 184 174 118 198 171 122 177 147 108 147 183 190 158 126 124 181 144 111 183 123 147 175 151 181 188 117 137 158 
116 174 113 185 171 171 146 144 121 139 175 197 141 167 141 194 177 101 105 173 157 130 194 170 188 137 182 195 154 142 168 113 120 185 177 193 176 115 169 101 144 191 122 139 115 196 137 152 143 127 185 169 164 137 129 165 131 135 104 146 163 187 182 159 103 160 150 179 194 118 144 131 135 164 187 198 170 157 165 116 161 150 165 117 198 163 146 174 189 162 168 199 198 192 195 120 191 168 194 113 
191 116 106 149 159 136 123 142 103 153 190 190 103 136 186 154 177 188 192 188 187 193 148 151 116 100 153 163 118 141 175 147 193 125 137 162 101 144 100 104 139 128 107 127 103 190 121 198 124 197 132 190 166 199 184 170 199 122 141 194 149 145 129 135 173 154 151 169 141 104 160 121 101 182 183 152 174 160 100 170 130 141 157 121 148 158 152 159 107 154 105 123 184 116 123 194 187 151 178 148 
193 117 133 130 102 144 124 111 186 120 178 166 190 131 192 196 154 125 147 189 115 159 140 136 156 198 113 107 111 132 171 115 108 125 122 186 173 125 179 142 167 126 197 126 126 171 192 136 199 171 187 127 137 101 159 164 113 104 157 121 143 142 136 165 183 187 179 186 144 157 153 142 129 188 154 123 194 138 101 148 119 154 123 114 141 122 177 147 149 139 146 178 128 123 167 149 147 192 156 196 
198 112 192 137 155 116 149 194 183 145 161 154 184 174 143 199 100 194 177 105 173 189 157 181 123 196 169 184 198 166 197 187 123 181 199 136 193 139 118 130 151 135 139 188 157 120 142 157 169 155 145 180 176 105 157 190 125 105 189 124 162 198 129 139 189 192 147 140 119 104 141 122 137 170 188 178 194 133 141 119 142 178 138 177 165 145 142 184 169 175 173 165 169 116 131 131 199 157 185 138 
125 164 162 129 151 100 199 136 152 197 121 129 197 182 123 157 197 138 171 154 191 112 173 127 176 149 171 163 160 157 135 157 101 160 121 165 139 117 185 100 166 181 147 121 100 149 105 152 158 159 108 188 175 187 167 147 183 110 186 144 192 106 154 110 139 176 135 135 184 109 179 139 157 152 166 195 196 145 192 172 165 188 191 123 114 129 169 184 138 196 127 115 121 171 175 154 188 178 125 120 
158 191 122 115 169 186 180 120 196 136 132 156 152 162 125 135 184 103 178 104 178 192 185 101 118 108 199 162 180 155 103 197 185 117 141 168 179 101 120 165 101 185 180 156 170 104 170 176 113 179 102 164 194 129 191 191 175 109 146 146 175 100 148 108 176 130 141 172 175 105 197 184 164 137 113 129 135 167 105 152 107 199 176 119 127 182 182 146 188 146 195 181 150 176 111 113 146 132 188 139 
195 113 194 165 183 173 143 197 154 196 121 124 126 175 152 121 108 199 145 145 155 179 179 143 126 167 165 138 197 137 178 109 130 140 156 156 185 172 107 146 176 110 197 190 103 181 111 107 199 133 145 144 184 176 137 144 125 144 105 107 102 173 177 189 191 102 154 177 176 187 192 181 115 191 150 125 120 110 145 133 162 183 127 192 140 117 167 133 192 186 153 161 153 173 157 173 172 193 180 101 
130 195 152 165 151 144 145 190 104 169 181 146 131 109 158 122 149 162 165 174 146 125 106 193 128 129 144 149 128 105 177 133 189 146 143 136 154 184 100 122 132 192 159 155 169 149 196 177 108 183 143 153 163 134 148 163 154 195 100 131 138 160 179 137 147 185 198 153 165 174 184 186 173 152 172 143 136 164 178 195 191 124 185 138 148 147 137 112 191 121 155 180 198 104 159 168 150 163 158 141 
130 104 123 196 136 191 178 136 155 153 198 193 150 155 191 119 163 195 173 108 197 133 134 199 179 171 109 118 113 109 105 163 133 125 117 185 180 120 165 129 148 153 140 129 104 182 174 152 171 179 104 104 138 184 185 165 100 175 115 190 183 144 154 108 173 159 160 199 157 156 180 191 107 166 178 195 117 128 103 160 132 194 156 106 119 132 195 158 181 121 151 127 128 114 151 166 133 185 164 198 
103 150 178 134 155 147 191 194 157 149 169 184 157 172 196 104 120 115 174 174 170 123 192 176 154 123 120 143 169 115 107 158 112 186 193 133 104 124 157 156 175 171 151 147 198 127 120 171 176 124 162 110 120 187 115 122 111 165 132 168 173 136 122 115 192 123 160 166 149 141 113 140 153 103 170 140 100 143 119 126 180 183 120 161 132 159 155 187 134 194 104 109 110 106 182 107 118 103 148 195 
148 174 110 142 198 165 191 115 147 143 193 128 152 182 178 120 171 159 107 141 135 147 178 196 152 161 156 151 135 135 139 192 178 176 174 104 135 132 199 134 183 182 112 147 179 173 158 171 109 100 104 120 198 165 125 105 173 156 126 116 186 182 180 107 158 142 165 190 150 155 107 103 100 175 193 126 133 119 110 189 133 173 118 169 162 186 126 126 104 174 118 190 189 125 109 188 197 137 133 166 
